(1,3,8,9,5) (1,7,4,3) (1,5,6,7) (2,9,8,0) (2,6,5,9) (2,0,4,7,6) (3,4,0,8)
(1,9,0,5) (1,3,2,8,9) (1,5,7,3) (2,6,8) (2,3,7,11,4,6) (4,11,13,10) (4,10,12,0,9,8,6) (5,0,12,13,11,7) (10,13,12)
(1,3,5) (1,7,4,2,3) (1,5,0,6,7) (2,0,5,3) (2,4,6,0) (4,7,6)
(1,5,13,12) (1,17,4,2,8,11,5) (1,12,15,16,17) (2,6,3,9,8) (2,4,7,6) (3,6,7,16,15,14) (3,14,0,9) (4,17,16,7) (5,11,10,13) (8,9,0,10,11) (10,0,14,15,12,13)
(1,3,10,11) (1,2,0,3) (1,11,7,6,9,2) (2,9,12,8,0) (3,0,8,5,4,10) (4,7,11,10) (4,5,13,6,7) (5,8,12,13) (6,13,12,9)
(1,8,13,12) (1,2,4,5,11,8) (1,12,9,3,7,2) (2,7,6,4) (3,6,7) (3,9,0,5,4,6) (5,0,10,11) (8,11,10,13) (9,12,13,10,0)
(1,5,9,7,6) (1,3,4,5) (1,6,2,3) (2,6,7,8,0) (2,0,4,3) (4,0,8,9,5) (7,9,8)
(1,15,14,10) (1,4,9,11,15) (1,10,7,2,4) (2,5,8,9,4) (2,7,6,5) (3,13,0,11,9,8) (3,6,7,10,14,12,13) (3,8,5,6) (11,0,12,14,15) (12,0,13)
(1,11,10,7,3) (1,6,13,2,11) (1,3,4,6) (2,13,12) (2,12,9,0,10,11) (3,7,5,8,4) (4,8,9,12,13,6) (5,0,9,8) (5,7,10,0)
(1,4,13,0,3) (1,5,6,4) (1,3,9,10,11,5) (2,11,10,7) (2,6,5,11) (2,7,8,12,13,4,6) (3,0,12,8,9) (7,10,9,8) (12,0,13)
