-2.85214 -11.0053 -1.88515
-3.73779 -10.4954 -2.10041
-0.934441 -10.8894 -2.35499
-1.73539 -11.356 -1.68797
-2.01644 -10.6057 -2.38718
-0.630617 -11.5491 -1.64996
-0.0392366 -10.7116 -1.41127
1.03051 -10.6739 -1.37946
0.510119 -11.1395 -2.17838
1.62916 -11.0511 -2.16237
3.79444 -10.574 -2.09042
3.28748 -11.2042 -1.45541
2.62691 -10.8702 -2.13556
-8.0345 -8.23894 -1.74591
-5.32972 -10.3121 -1.44203
-6.94403 -9.15866 -1.78072
-5.31705 -9.02502 -1.6068
-6.06512 -8.87413 -2.45365
-6.05042 -9.74385 -1.78586
-7.17209 -8.3446 -2.30429
-5.33683 -8.26322 -2.93383
-6.40574 -7.93058 -2.77827
-6.2764 -8.28042 -1.62395
-4.70306 -10.0359 -2.15545
-3.91742 -9.57306 -2.73154
-2.88441 -10.0952 -2.62862
-2.81034 -8.11766 -3.02694
-4.28884 -8.57569 -3.00188
-3.06461 -9.07249 -2.9888
-3.15509 -9.3275 -1.87397
-5.11344 -9.25663 -2.61617
-4.3186 -9.00574 -1.91924
-4.69965 -8.11025 -2.09771
-3.5561 -8.43594 -2.26624
-0.455019 -9.50628 -3.01724
-0.261002 -8.98574 -2.12468
-2.15678 -9.6361 -1.99402
-0.864443 -8.58586 -3.01546
-0.956586 -8.18906 -1.96671
-1.74473 -8.24794 -2.96976
-2.38987 -8.65921 -2.18104
-2.00577 -9.29238 -3.01527
-1.36897 -9.68058 -1.38838
-0.615411 -9.93278 -2.04189
-1.33567 -10.0119 -2.83268
-1.28364 -9.113 -2.23456
-1.70425 -8.69689 -1.38526
-1.83973 -7.82877 -1.86109
-0.00872907 -10.4247 -2.68616
1.03421 -10.3265 -2.68555
0.48038 -9.81468 -1.78466
2.42608 -9.58662 -1.95097
2.04719 -10.2153 -2.70167
1.49283 -9.85603 -1.85651
0.771374 -8.88992 -2.17135
0.0721766 -8.0561 -1.88236
1.78121 -8.81162 -2.14906
1.09904 -7.96365 -1.86805
2.11943 -7.8697 -1.95305
1.18778 -8.32497 -2.96468
0.184867 -8.47208 -2.99362
0.57031 -9.45274 -2.99282
2.17017 -8.26669 -2.99732
2.59541 -9.22857 -2.98794
1.56615 -9.34052 -3.00235
4.80319 -8.87585 -2.82628
3.17346 -8.12983 -3.03507
4.18461 -8.08549 -3.04931
4.67082 -7.87049 -2.12883
4.55718 -9.07658 -1.8444
3.85839 -8.43085 -2.10604
4.87742 -10.2988 -1.90253
3.62789 -9.05334 -2.9659
3.10158 -10.0739 -2.64825
4.0713 -9.84471 -1.39282
4.23443 -9.77779 -2.57212
2.81213 -8.58552 -2.15882
3.42376 -9.35197 -1.95786
3.07165 -10.1734 -1.4384
5.40673 -9.54994 -2.33062
5.89837 -10.0476 -1.51066
5.27031 -7.9876 -2.99358
7.32747 -9.03236 -1.55647
5.48694 -8.74641 -1.65033
6.41238 -8.45449 -1.35536
6.40915 -9.34293 -1.96443
6.8759 -8.49032 -2.3568
5.90926 -8.69137 -2.60785
7.78283 -8.21609 -1.95365
-8.78288 -7.56941 -1.61288
-8.56793 -6.86762 -2.30012
-9.40174 -6.48042 -1.8674
-9.74086 -5.49524 -2.13057
-8.90216 -5.59623 -1.4657
-8.83408 -5.92303 -2.55824
-7.97498 -5.60303 -2.93617
-8.0479 -6.0423 -1.84705
-6.24337 -5.22344 -2.92324
-6.95179 -5.96274 -3.02673
-7.73998 -7.51537 -2.46376
-7.75656 -6.5591 -2.79456
-7.79662 -7.02292 -1.52245
-6.91411 -7.46808 -1.74993
-5.60599 -7.70108 -2.09486
-6.83047 -7.02497 -2.92166
-7.23003 -5.54109 -2.0992
-7.04578 -6.51405 -1.96399
-5.28231 -5.58073 -2.73799
-6.09137 -6.837 -2.1462
-5.65173 -6.31535 -1.45586
-6.26181 -5.86178 -2.08017
-5.52478 -5.3396 -1.68475
-5.70623 -7.23578 -3.03889
-5.99149 -6.2721 -3.0248
-4.84271 -7.04885 -2.0264
-3.89288 -7.50181 -1.99554
-2.84247 -7.74073 -2.02118
-3.09634 -6.96045 -2.72551
-4.79618 -6.08196 -1.97025
-4.02796 -6.69685 -2.6861
-3.87286 -5.8678 -2.30791
-4.97228 -6.4629 -2.91938
-4.69505 -7.46796 -3.03318
-3.73569 -7.73728 -3.02666
-3.24638 -6.79395 -1.71612
-2.98876 -5.83059 -1.83104
-0.631665 -7.39158 -1.4569
-0.729213 -6.35048 -1.58176
-2.12864 -7.36002 -2.72872
-1.21041 -7.09337 -2.45483
-2.31856 -6.52098 -2.21314
-0.0955742 -6.90186 -2.18237
-0.46698 -7.67542 -2.74805
-1.55736 -6.82237 -1.56469
-2.02201 -5.97545 -1.44064
0.313802 -6.34223 -1.41626
1.5416 -7.17685 -1.37034
2.51565 -5.90379 -1.62716
0.558324 -7.53181 -2.673
0.922183 -6.75706 -2.10553
1.93044 -6.57476 -2.16042
1.55455 -7.37909 -2.67255
2.57241 -7.08799 -1.52036
2.54537 -7.31502 -2.7723
3.46501 -5.47235 -1.74127
3.21904 -7.65165 -2.02927
2.96152 -6.47426 -2.38301
4.38658 -5.34722 -2.24125
3.36789 -6.49291 -1.43675
4.0296 -7.10483 -1.91329
5.01714 -6.88049 -1.98543
3.91746 -6.25333 -2.56339
4.93596 -6.16453 -2.78818
4.37839 -6.18651 -1.5599
3.58968 -7.18309 -2.88681
4.58417 -7.12302 -2.95669
5.33561 -5.13329 -2.61275
5.34581 -5.87477 -1.78573
7.45029 -5.98794 -1.37992
7.5505 -7.2682 -1.46534
6.29026 -7.77823 -2.87525
6.61313 -7.61749 -1.81703
5.64893 -7.69217 -2.02826
7.2589 -7.57835 -2.65045
6.60647 -6.82404 -2.99075
6.99932 -6.64146 -1.98646
5.93299 -5.99627 -2.92787
6.95494 -5.87453 -3.00466
6.00088 -6.70363 -2.07856
5.58889 -6.99926 -3.02834
7.65846 -6.64188 -2.83918
6.43424 -5.80671 -1.97804
7.33469 -5.35865 -2.16114
8.64538 -7.74774 -1.49314
8.81216 -5.94116 -1.40826
8.09411 -6.34766 -1.9877
8.19578 -7.30896 -2.33513
9.05808 -6.8555 -1.96052
8.85825 -5.98259 -2.56487
8.33158 -5.22168 -1.92897
7.9637 -5.71472 -2.93326
9.71886 -5.68317 -2.04173
-10.6601 -4.35175 -1.67566
-10.6305 -3.40122 -2.13764
-8.05005 -3.21558 -2.99567
-9.06837 -4.96231 -2.73892
-8.95902 -4.3817 -1.87067
-8.94187 -3.96503 -2.94235
-8.99231 -2.86311 -3.01835
-8.15598 -4.59438 -3.02654
-8.15365 -3.89534 -2.24804
-8.28074 -5.06543 -2.04678
-8.09692 -3.21423 -1.53938
-9.71178 -4.8528 -1.33855
-9.79355 -3.81563 -1.59475
-9.82814 -2.81035 -1.76184
-9.95087 -4.5296 -2.37699
-9.8059 -3.48709 -2.70507
-8.95922 -3.33999 -2.06074
-6.43556 -4.13479 -2.69565
-7.18315 -4.9266 -3.00108
-7.20334 -3.58256 -1.95708
-5.74143 -3.69848 -2.11655
-6.4295 -3.70321 -1.36112
-7.0261 -2.73401 -1.42467
-6.26614 -2.91659 -2.14496
-7.40197 -4.55088 -2.03777
-7.35122 -3.92322 -2.95004
-7.06436 -2.87821 -2.7382
-6.47192 -4.84937 -1.91642
-5.54457 -4.62857 -2.45859
-4.91841 -4.21919 -1.72313
-4.60849 -5.08665 -2.1844
-3.85661 -5.08838 -1.55197
4.91581 -4.92992 -1.59289
6.10273 -2.82909 -1.90155
5.31912 -4.14277 -2.06308
7.35318 -3.4643 -1.86484
7.07169 -3.7817 -2.88157
5.97336 -4.90359 -1.81023
6.15251 -3.74758 -2.43188
6.91133 -2.83456 -2.62149
6.30517 -4.9855 -2.85948
6.79158 -4.46962 -2.11444
7.29242 -4.76985 -3.05595
9.087 -3.97848 -2.87498
9.23756 -4.99965 -2.62277
8.32259 -4.77469 -2.96469
7.8389 -4.35797 -2.11718
8.05399 -3.73912 -3.00397
8.53208 -3.39768 -2.07814
8.29412 -2.80682 -3.03395
9.02975 -4.40466 -1.7701
10.3896 -5.03248 -1.65214
9.1263 -2.94742 -1.3799
9.56654 -3.48465 -2.10223
10.0132 -4.37252 -2.38364
9.36016 -2.90431 -2.91814
10.2952 -2.91817 -2.50715
11.0964 -2.76907 -1.7839
10.6809 -3.73205 -1.98466
-11.4208 -2.35377 -1.50747
-10.4638 -1.76945 -1.48707
-11.38 -0.253705 -1.87841
-11.1496 -1.24599 -2.11117
-10.776 -2.4193 -2.24472
-10.613 -0.326143 -2.58879
-8.59019 -0.270029 -3.01854
-9.45371 -0.0884076 -2.02493
-8.16553 -1.17208 -2.91415
-9.19521 -1.64724 -3.01738
-8.76051 -2.36202 -2.12372
-9.71945 -0.756936 -2.95108
-8.91065 -0.9103 -2.27997
-8.18219 -2.16676 -2.98716
-8.36602 -1.53664 -1.75126
-9.56138 -1.84686 -1.94937
-9.23147 -1.15389 -1.36257
-10.0619 -0.907454 -1.87893
-9.88596 -2.46374 -2.78784
-10.3444 -1.54755 -2.67283
-5.8136 -2.36242 -1.35738
-7.75584 -2.47712 -2.0777
-7.36834 -1.68055 -1.55123
-6.50877 -1.94823 -2.07986
-7.31713 -1.67294 -2.63257
-7.75653 -0.729107 -1.77783
-6.76256 -0.930225 -2.11826
-7.57327 -0.3622 -2.69612
-6.24974 -0.249529 -1.35563
7.07087 -2.3456 -1.44163
6.96191 -1.86988 -2.41269
6.20897 -1.84027 -1.66601
6.57754 -0.9585 -1.95887
7.5613 -1.187 -1.47038
7.07765 -0.261346 -1.46879
7.41805 -0.94854 -2.6367
7.77132 -2.59268 -2.14237
7.85105 -1.89064 -2.89545
7.95523 -0.344419 -1.98842
8.1101 -1.99479 -1.36464
9.80004 -2.28879 -1.7451
8.89851 -0.735511 -1.44537
10.1697 -1.35436 -1.59493
9.82794 -1.96923 -2.82649
8.89152 -1.73333 -3.04047
8.7641 -2.31141 -2.11781
8.43038 -0.787273 -2.99385
8.33128 -1.31703 -2.06833
8.87955 -0.159958 -2.2799
9.82679 -0.398782 -2.00176
9.33334 -1.28676 -2.17482
9.45421 -0.610962 -3.03974
10.3039 -1.07797 -2.70597
11.4784 -1.92477 -1.50744
11.485 -0.0573877 -1.70187
10.745 -1.95541 -2.30379
10.7749 -0.155805 -2.46289
11.1484 -1.04048 -2.03438
-10.4752 1.83531 -2.60432
-11.2908 1.89817 -1.83335
-11.1393 0.898565 -2.14875
-10.4106 0.224756 -1.71203
-9.5239 1.28068 -2.9957
-9.47745 0.205092 -2.98747
-10.3373 0.665761 -2.71827
-7.86041 2.45179 -2.93702
-9.934 1.21826 -1.9008
-8.29912 0.134 -2.05826
-9.47368 2.00447 -2.36621
-8.54296 0.769556 -3.00728
-8.59587 1.75797 -3.03557
-9.02082 0.904786 -2.04341
-8.17238 1.40808 -2.15209
-10.1609 2.15342 -1.58994
-9.11129 1.90684 -1.39621
-8.55477 2.35742 -2.13521
-6.85735 0.0664773 -2.10221
-7.58984 0.693777 -2.7201
-7.26563 1.63829 -2.61633
-6.41434 2.01594 -1.97352
-6.63679 1.01334 -2.03558
-7.58778 0.75666 -1.6572
-7.59826 2.26144 -1.804
7.6446 2.01979 -2.85801
7.59405 0.685511 -1.6161
6.50031 0.516842 -1.76643
7.55107 0.998898 -2.71789
6.85323 1.55861 -2.31031
7.10807 0.12325 -2.42279
6.19876 1.4842 -1.53959
6.22405 2.34839 -1.95809
7.08404 2.04079 -1.41555
8.04887 0.130631 -2.91607
8.42067 0.798399 -2.15524
10.2387 1.87645 -2.70698
8.59793 2.32442 -2.73382
9.40342 1.39549 -2.69203
7.89774 1.6073 -1.89819
8.50507 1.46021 -3.04062
8.96308 1.34144 -1.56047
10.3069 2.32256 -1.41243
9.41973 2.18034 -1.94521
9.94784 0.351048 -2.89329
8.70037 0.283027 -1.38376
10.0549 1.37228 -1.7385
9.51368 0.576565 -1.94146
8.99567 0.554139 -3.0739
8.50955 2.26377 -1.4699
11.4421 1.00487 -1.73723
10.5098 0.475389 -1.51689
10.6658 0.932314 -2.5067
11.0682 1.90796 -2.03483
-10.943 3.90263 -1.4455
-10.8482 2.85651 -2.05055
-10.2918 3.76033 -2.19944
-10.0318 2.79167 -2.70949
-9.68634 4.51382 -2.14493
-8.86655 4.49503 -2.81552
-7.94634 4.24403 -2.10897
-8.3886 3.50825 -2.97533
-8.59958 4.92596 -1.70757
-9.44081 3.66007 -2.77648
-9.04523 2.68436 -3.02279
-9.36455 2.92732 -1.78478
-8.81721 3.77406 -1.84327
-7.98524 3.16372 -1.98523
-7.15577 3.67397 -1.86077
-5.92047 4.60543 -2.61251
-6.00761 3.00218 -1.95892
-6.37879 4.02051 -1.34727
-5.52696 3.88913 -1.97741
-6.89219 2.83149 -1.44211
-7.39576 3.53293 -2.91619
-6.9017 2.70074 -2.55003
-6.41957 3.74577 -2.61415
-7.5134 4.55336 -3.02938
-6.82444 4.63111 -2.06694
-5.76669 4.81893 -1.40132
-4.89539 4.70871 -2.06488
4.88808 4.797 -2.11124
5.64281 2.99306 -1.50822
6.94873 3.0942 -1.62867
7.78089 2.63829 -1.94702
5.51639 4.05355 -2.18509
6.20029 3.34525 -2.31646
6.27025 4.10466 -1.38857
7.1845 4.04217 -1.71495
5.90711 4.98856 -1.89847
6.94436 2.70782 -2.61661
7.26587 4.64249 -3.02433
6.43881 4.29413 -2.45691
7.0961 3.68557 -2.82975
6.36652 5.10773 -2.93454
9.85632 4.66961 -2.35932
9.77423 3.59852 -2.69475
8.8175 3.30387 -3.00253
9.52012 2.54926 -2.9323
9.82603 3.20368 -1.58161
10.4466 2.86947 -2.3943
8.89309 3.04037 -1.983
7.95701 4.5705 -2.1978
8.06568 3.5804 -2.03385
8.44369 4.33402 -1.40776
9.21224 4.00576 -1.88768
9.08482 5.05812 -1.51253
7.87218 2.99674 -2.98603
8.08434 4.021 -3.04372
8.99132 4.32102 -2.84092
11.1892 2.94106 -1.64503
10.5583 3.87109 -2.0552
10.4491 4.98745 -1.6268
-9.96168 5.53181 -1.737
-9.19864 5.70013 -2.32781
-8.34666 5.28042 -2.81356
-8.33146 5.83005 -1.41037
-9.02086 6.68828 -1.85585
-7.91997 6.7993 -1.51761
-8.81964 7.56645 -1.49359
-8.32291 6.31019 -2.49889
-7.98991 7.75953 -2.09808
-6.6742 5.18496 -2.96151
-5.28088 5.80446 -1.64344
-6.34895 6.43448 -1.50754
-7.01547 7.18054 -1.86707
-5.21121 6.74079 -1.37412
-6.50125 6.19442 -3.03993
-7.16672 6.20347 -2.05253
-6.24386 5.47241 -2.02746
-7.52939 5.8468 -3.01791
-7.58043 5.30293 -1.9544
-5.44157 5.47554 -2.7787
-7.7005 6.98967 -2.72955
-6.68007 7.17023 -2.92007
-5.62577 7.03485 -3.06627
-5.81293 6.32811 -2.33395
-6.03178 7.24674 -2.05316
-3.16288 7.58806 -2.9422
-3.49782 5.74832 -1.98502
-3.34218 6.59247 -2.57697
-3.34924 6.67635 -1.3445
-4.31262 7.23542 -1.34248
-4.40389 5.52896 -2.30691
-4.90227 6.32618 -2.86509
-4.9754 7.17881 -2.20511
-4.24092 6.50591 -2.03418
-3.53193 7.45248 -1.95098
-4.21429 7.05603 -2.94048
-0.849579 7.23552 -2.48642
-2.55981 6.22384 -1.98206
-0.0294565 6.79613 -2.08542
-0.71208 6.33697 -1.44528
-0.729919 7.44145 -1.35383
-1.51106 6.60887 -2.05644
-2.43627 7.16488 -1.45973
-2.31014 7.0623 -2.58498
-1.64926 7.67196 -1.83102
0.287856 7.54478 -2.67431
1.26274 7.60045 -2.76044
0.758671 6.41533 -1.65805
1.49644 6.76585 -2.21262
1.82003 6.09518 -1.47554
2.172 7.12559 -1.41183
2.54103 6.38211 -2.15676
0.940674 7.45857 -1.74197
2.29878 7.2215 -2.68833
3.29528 6.97662 -2.74693
2.97315 7.5315 -1.87734
4.0362 7.71447 -3.04287
5.17529 7.37813 -3.04277
3.97119 7.19023 -1.92981
3.20957 6.69154 -1.44185
3.05856 5.68441 -1.6519
4.01294 5.29061 -1.90991
4.31572 6.27382 -1.61029
4.9986 6.89522 -2.08552
4.60356 5.82918 -2.55266
3.61729 6.12202 -2.3752
4.31309 6.74681 -2.8814
5.46808 6.04129 -1.90636
7.14037 5.21861 -2.09538
7.45137 6.24208 -1.98491
6.48109 5.87808 -1.76551
5.8183 7.41798 -2.07128
6.94969 7.6734 -1.64149
6.62538 6.8499 -2.06413
5.47862 5.33595 -2.74326
6.35961 6.11556 -2.81437
7.23901 5.70325 -3.03275
6.18816 7.07817 -3.02622
5.42381 6.36913 -2.96071
7.11298 7.65172 -2.67055
7.19634 6.70098 -2.9399
8.81785 7.17429 -1.9269
9.57344 6.56988 -1.55931
9.75927 5.67036 -1.99087
8.21979 5.53084 -1.93056
8.97667 6.2454 -2.33773
7.88163 7.08366 -1.45497
8.50509 6.34121 -1.34935
8.1544 5.1903 -2.97594
8.12678 6.22365 -2.7803
9.05012 5.2749 -2.62946
8.01164 7.17679 -2.46511
-6.43034 8.07845 -1.65128
-7.28768 8.79445 -1.84585
-5.74649 8.83765 -1.45609
-6.54763 9.55139 -1.61054
-6.34832 8.87318 -2.37072
-7.08236 8.04618 -2.51884
-5.39315 8.86868 -2.72349
-6.06857 8.01203 -2.84365
-5.40669 8.05654 -2.00551
-5.60995 9.68816 -2.10007
-3.18653 9.97563 -1.48813
-2.86619 9.17267 -1.93802
-3.41168 8.77754 -2.7986
-3.44161 9.91176 -2.6759
-2.65381 7.95316 -2.08901
-4.75623 8.894 -1.89804
-3.5503 8.42405 -1.7205
-3.86504 9.35543 -1.91088
-5.02183 7.91821 -3.01
-4.02734 8.06695 -3.03465
-4.36614 9.00623 -2.87973
-4.36872 7.995 -2.03008
-4.64693 9.84619 -2.39696
-1.39979 8.83117 -3.04936
-1.47924 8.91361 -1.39584
-2.51588 8.35869 -3.05364
-0.887136 8.29873 -1.91518
-0.612917 8.14502 -2.90083
-1.64474 7.83977 -2.84796
-2.57899 9.36273 -2.95921
-0.697456 10.1834 -2.82763
-1.97956 8.75134 -2.2248
-2.49499 10.3511 -2.52303
-1.66156 9.77884 -2.91445
-1.03685 9.34552 -2.19547
-0.0863604 8.89972 -2.10588
-0.453277 9.23965 -3.0475
-1.94084 9.80218 -1.86986
-0.848358 10.3003 -1.75669
1.96732 7.94821 -1.95697
0.0474619 7.96897 -1.72433
0.325013 8.51302 -3.00858
2.05722 8.21395 -3.00299
0.897236 9.43335 -2.00402
0.895792 8.37617 -2.15422
2.48317 9.20806 -1.38996
1.76051 8.90186 -2.08919
1.08598 10.3415 -1.63342
0.0227644 9.89946 -2.14749
2.15711 9.80335 -2.1393
1.25871 8.81475 -3.04715
0.481601 9.56388 -3.00342
2.29571 9.20898 -3.00756
1.51212 9.85438 -2.89207
2.99569 10.1363 -1.46148
2.69798 8.59998 -2.21194
3.01722 7.94685 -3.00119
4.68549 7.84205 -2.21607
4.1672 7.9844 -1.38455
3.64181 8.24161 -2.18072
4.30551 8.9594 -1.91917
3.98955 9.88837 -1.37993
3.34031 9.2993 -1.92964
4.67108 10.157 -2.13639
3.30747 8.90003 -3.01426
4.2942 8.64787 -2.96995
2.97339 9.87441 -2.75809
4.01103 9.62007 -2.69642
5.00583 9.30344 -2.61251
6.15282 8.28376 -1.66262
5.20999 8.58774 -1.83388
7.54084 8.9406 -1.42858
6.95214 8.58593 -2.25535
7.84147 8.10134 -2.03491
5.63157 9.82326 -1.97809
6.5937 9.39319 -1.76632
5.96659 8.98566 -2.46826
6.21318 8.06209 -2.79765
5.25661 8.33782 -2.91378
8.56871 8.01911 -1.37272
-3.06869 10.9569 -1.91864
-3.98821 10.5549 -2.00215
-4.94058 10.4824 -1.59453
-2.09002 11.2569 -1.78882
-0.919121 11.4138 -1.87664
-0.114092 10.9747 -1.33699
-1.52776 10.7094 -2.42544
-0.161246 10.9206 -2.3839
0.698564 10.478 -2.65666
1.68566 10.7304 -2.43489
2.08259 10.5273 -1.40881
1.66302 11.4167 -1.67542
0.658228 11.3472 -1.94171
2.64388 10.725 -2.30329
2.95445 11.2651 -1.52786
3.66514 10.4733 -2.22636
3.97469 10.9851 -1.45486
-5.44413 -10.7088 -0.518763
-4.4345 -10.819 -1.34459
-3.53857 -11.2903 -1.09959
-4.43273 -11.1884 -0.367357
-5.05901 -10.9035 0.440428
-3.95874 -11.3395 0.515628
-4.50646 -10.8411 1.2799
-3.70655 -10.4296 -0.448068
-2.85282 -11.6115 0.812839
-3.17093 -11.4328 -0.164887
-2.70877 -10.4908 1.29243
-3.29694 -10.5218 0.465043
-2.29235 -10.7914 0.418523
-2.19383 -11.8583 0.000521785
-2.5354 -11.478 -0.97513
-1.03314 -10.6098 -1.31415
-1.82113 -10.8622 -0.456919
-1.47075 -11.8346 -0.797317
-0.526976 -11.8308 1.18238
-1.62803 -11.6221 0.810994
-0.361059 -11.0228 0.494412
-1.26913 -10.656 0.413727
-0.794204 -11.0041 -0.421322
-0.96389 -11.994 0.188916
-0.411965 -11.9664 -0.697575
1.07879 -10.6528 1.21409
0.505784 -11.6152 1.39895
2.05153 -10.5695 -1.30549
2.3903 -11.5564 -1.21433
0.128996 -11.9907 0.299998
1.29151 -10.9756 -0.415571
0.674922 -10.9693 0.383249
0.820535 -11.9786 -0.475968
0.18392 -11.1242 -0.482707
1.17055 -11.9459 0.509176
1.97397 -11.3531 0.467508
1.87102 -11.873 -0.364043
0.364584 -11.7077 -1.3616
1.37963 -11.6502 -1.34461
2.6093 -11.503 1.25214
2.00446 -10.4147 0.948177
2.05567 -10.4545 -0.0757596
4.25509 -10.9664 -1.22534
2.79524 -10.7953 -0.603234
2.76882 -11.7282 0.0157908
3.60443 -11.4494 -0.55643
2.95046 -10.6915 0.641358
3.64793 -11.4426 0.511397
4.47007 -10.98 0.992441
3.6281 -10.5041 -0.068806
4.51237 -11.1699 -0.113432
5.23304 -10.6755 -0.997821
5.39409 -10.5806 1.00761
5.39323 -10.7738 0.0106031
-9.01952 -7.88382 -0.67625
-8.57241 -8.48285 -0.0269123
-8.87518 -7.9935 0.862403
-8.10969 -8.73386 0.89048
-8.0992 -8.73997 -0.919907
-5.57332 -10.3884 1.1435
-6.11706 -10.3864 0.179973
-7.35308 -9.35704 0.911142
-5.24263 -9.85059 0.315234
-5.30213 -8.86734 0.554328
-6.20731 -8.91648 0.997258
-6.49623 -9.90959 0.989077
-7.08456 -8.35391 0.881321
-6.37425 -8.03176 -0.602706
-6.19519 -8.08438 0.367781
-7.30674 -9.38783 -0.90065
-6.85587 -8.72539 -0.069009
-7.80387 -9.16374 -0.00113319
-7.00446 -9.79881 0.033112
-5.54966 -8.61474 -0.374645
-5.50025 -9.55263 -0.704626
-6.07636 -9.32285 0.108971
-6.32029 -8.99161 -0.929982
-6.43246 -10.0738 -0.813508
-7.20175 -8.25694 -1.10934
-7.57015 -8.05147 -0.0181919
-5.33728 -8.12291 -1.21636
-5.44922 -8.01801 1.02597
-2.76138 -10.1254 -0.306102
-2.7155 -9.69729 0.696737
-3.07712 -10.1662 -1.24304
-3.68225 -9.96287 1.22882
-4.24203 -10.1999 0.398835
-2.62427 -8.36998 -1.23744
-4.67845 -9.61503 1.11283
-3.50589 -9.34781 -0.574167
-3.62378 -8.64427 -1.28566
-4.49529 -9.18636 0.0384532
-4.04257 -9.78458 -1.31664
-4.62994 -10.015 -0.535064
-4.55582 -8.99673 -0.935909
-3.58434 -9.30748 0.408418
-4.48765 -8.60207 1.05273
-3.5085 -8.73422 1.24366
-3.86266 -8.33538 0.332194
-2.8384 -8.39937 0.488555
-3.23998 -8.34674 -0.420321
-4.62025 -8.2602 -0.279001
-4.35492 -7.94872 -1.18247
-0.170704 -8.04063 -0.868654
-0.739815 -8.82631 -1.20374
-0.36219 -9.16852 -0.349588
-0.221088 -10.1395 0.00797323
-0.312114 -9.78832 -1.10369
-1.10264 -10.0382 -0.501983
-2.10108 -10.3731 -1.25249
-0.784967 -10.1565 1.1056
-0.295444 -9.30679 1.27463
-1.01138 -8.36352 -0.321982
-2.47494 -9.35032 -1.06416
-1.78528 -9.58816 1.04779
-1.88869 -9.8987 0.0814493
-1.59345 -9.14808 -0.526105
-0.997389 -9.48593 0.387765
-0.468236 -8.63345 0.52381
-2.50553 -8.94377 1.25983
-1.96239 -8.10517 1.18224
-1.73255 -8.65917 0.366811
-1.2091 -8.81489 1.2125
-1.00924 -7.861 0.852149
-2.5284 -9.08713 -0.115669
-2.20841 -8.04998 -0.401211
1.2979 -9.03093 -1.32005
0.268536 -8.92763 -1.25961
2.35123 -8.88484 -1.29224
1.45526 -9.92987 -0.814309
1.84971 -8.04048 -0.982439
0.333306 -8.45053 -0.0874861
0.893418 -8.18135 -0.888197
0.482128 -10.1951 -0.679647
0.268568 -7.94485 0.798086
0.770829 -9.2589 -0.476152
1.08481 -10.086 0.15018
0.582012 -8.78942 1.22873
0.265387 -9.35107 0.431213
0.223365 -10.2103 0.916548
1.07791 -9.6532 1.04933
2.47583 -8.67148 0.471635
1.17129 -8.87104 0.375558
1.9356 -9.55177 0.431463
1.75918 -8.91222 1.22527
1.28634 -8.08042 0.972689
2.43418 -9.77839 -0.792926
1.80701 -9.03958 -0.420981
1.68235 -8.12717 -0.0218564
3.5982 -10.0331 1.12318
4.61245 -10.1238 0.474923
2.6916 -9.46859 1.07626
3.5608 -8.91167 1.0013
4.406 -9.45933 1.23253
3.23926 -7.98415 0.828169
4.27152 -8.08507 0.656956
4.43088 -10.1856 -0.529574
3.44001 -9.69922 -0.677782
3.81166 -9.55706 0.26454
2.85616 -9.81201 0.163234
3.68624 -8.56772 -0.0389137
2.82811 -8.90692 -0.402187
5.04248 -9.58148 -1.11585
4.61511 -8.95013 0.33096
4.30632 -9.10789 -0.644661
5.18877 -8.64153 -0.445787
2.94524 -7.96227 -0.163067
4.4125 -7.92216 -0.376478
3.51366 -8.76769 -1.17052
2.84537 -8.00913 -1.15323
4.67993 -8.30536 -1.26505
7.27327 -8.12094 -0.986677
6.76168 -8.74503 -0.440665
7.68223 -9.18767 -0.529079
6.83715 -9.71471 -1.0079
7.58802 -8.01623 0.282072
7.67965 -9.16602 0.539055
6.98801 -9.75149 0.0109541
6.15021 -10.2879 -0.528011
6.2237 -10.216 0.478721
5.34044 -9.47962 0.835594
6.13294 -8.90116 1.17182
6.95162 -9.58568 1.06763
7.30426 -8.64099 1.3514
5.41579 -8.44221 0.614727
6.68502 -8.40597 0.514923
5.30695 -9.70438 -0.161479
5.92898 -9.20386 -0.830815
6.08263 -9.17124 0.186306
5.66271 -7.8924 -1.07756
5.99178 -8.11821 -0.176691
8.26188 -8.48289 1.03858
8.37479 -8.61135 0.00740012
8.95061 -7.86708 0.645649
8.26246 -8.52735 -1.02763
8.98222 -7.94026 -0.406173
-10.4829 -5.87465 -0.395189
-9.9982 -6.71124 -0.27409
-10.0975 -5.99801 -1.3174
-9.36386 -5.846 -0.63674
-9.39103 -5.91286 0.388884
-9.53193 -7.06027 -1.06484
-8.62085 -6.55956 -1.18043
-10.4558 -5.90822 0.654726
-8.93926 -6.68811 -0.260066
-9.85777 -6.78715 0.76891
-9.44467 -7.51356 0.205979
-8.7958 -6.84628 0.762302
-7.86285 -7.692 0.918147
-8.37885 -6.02464 0.285127
-7.94693 -6.75269 -0.469497
-8.38479 -7.46047 0.0641458
-8.03636 -7.69434 -0.831883
-8.26499 -5.75093 -0.656917
-7.84206 -5.20426 0.43545
-6.99703 -7.39584 0.4431
-6.94696 -5.71732 0.544932
-7.79254 -6.7807 0.492183
-7.69389 -5.21147 -1.27051
-7.29794 -5.50951 -0.347701
-6.33687 -5.82872 -0.237641
-6.49205 -6.51429 -0.993283
-6.98095 -6.62162 1.14476
-7.78888 -5.94829 1.07066
-6.62252 -5.52359 -1.17953
-7.10858 -7.30595 -0.726575
-6.25737 -7.1459 -0.187504
-7.41551 -6.18006 -1.08405
-6.04228 -7.33202 -1.24974
-7.08099 -6.50071 -0.0931126
-6.17946 -7.32005 1.02764
-6.21814 -6.4405 0.521546
-5.36034 -6.97484 0.491322
-5.74478 -5.25734 0.269593
-6.08317 -5.66286 1.09001
-5.40639 -7.63214 -0.251942
-5.54323 -6.4581 -0.380277
-5.50406 -5.53028 -0.698995
-3.94463 -7.79035 1.28341
-4.66381 -7.69567 0.518701
-3.20412 -6.47162 0.714625
-4.17273 -6.87716 0.860657
-3.36072 -7.4477 0.529274
-5.10386 -6.0197 0.526431
-4.53904 -5.55177 1.24996
-4.08983 -5.96812 0.480121
-2.74089 -5.42268 0.760727
-4.63788 -6.87004 -0.187196
-5.08359 -7.1541 -1.10372
-3.71053 -6.58916 -0.259717
-4.08612 -6.94576 -1.16714
-3.35025 -7.65528 -1.15728
-3.91109 -7.57046 -0.307762
-2.8408 -6.37637 -0.890692
-2.91634 -7.22984 -0.347624
-4.74165 -6.18461 -0.998112
-3.24177 -5.6961 -0.0523943
-3.78779 -6.03313 -1.13159
-4.321 -5.56409 -0.380167
-3.0365 -5.26301 -0.898588
-0.3143 -6.0492 -0.654494
-2.46988 -6.8998 1.25286
-2.35089 -7.5077 0.463866
-1.71766 -6.74029 0.565955
-0.33257 -7.2969 1.30854
-0.209707 -6.21612 1.19035
-0.727566 -6.8581 0.486453
-1.84485 -5.70703 0.408792
-0.914609 -5.91808 0.166269
-1.18271 -6.07877 1.15373
-1.81584 -6.79823 -0.528988
-2.49279 -6.42255 0.0742604
-2.41791 -7.26172 -1.22131
-1.42514 -7.7445 -0.959701
-0.351237 -7.67572 0.0434187
-1.45132 -7.54947 0.059493
-0.802635 -6.97367 -0.556839
-2.23105 -5.54835 -0.459886
-1.29852 -5.93917 -0.755965
2.24154 -6.45072 -0.826406
2.5964 -5.45973 -0.759588
1.37729 -6.11203 -1.32923
0.188007 -6.9341 -0.400061
0.479234 -7.33241 -1.2499
1.62567 -5.72648 -0.321483
2.38899 -5.47615 0.35648
0.102298 -5.9664 0.295471
0.68238 -5.96885 -0.553013
1.03968 -6.16129 0.359272
0.779628 -6.2225 1.31995
0.345792 -6.93105 0.607165
1.68357 -5.89079 1.04413
1.27273 -6.8641 -0.484175
0.844267 -7.59897 -0.00507208
2.2176 -7.72839 0.75485
1.4236 -7.09295 0.697732
2.3255 -6.71367 1.19696
2.16239 -7.33348 -0.34121
2.08219 -6.49755 0.244044
4.7315 -5.86563 -0.722825
3.68418 -5.81051 -0.754363
4.24648 -5.33759 0.0587433
2.9011 -7.0616 0.408487
3.85314 -7.34683 1.23223
4.92131 -7.64241 1.28279
2.62153 -5.73599 1.35343
3.33827 -6.51209 1.09087
3.32793 -5.55795 0.555514
4.56473 -6.82616 0.749373
4.1791 -5.9224 1.04637
4.95944 -5.9338 0.411696
3.83384 -7.30156 0.145844
3.13062 -7.11422 -0.672921
5.08528 -7.59342 0.24232
4.86545 -7.28169 -1.0786
3.96702 -6.31951 0.11682
3.0151 -6.2464 -0.157278
4.05506 -6.80088 -0.773087
4.86281 -6.7419 -0.234317
3.82665 -7.76741 -1.18066
7.20368 -5.5783 -0.474769
5.68617 -5.39678 -0.951709
7.34426 -6.66004 -0.67083
7.79346 -5.63679 1.21698
5.57969 -6.60287 -1.17625
6.76804 -5.71315 1.18106
6.49443 -7.06203 -1.05739
7.27287 -6.56546 1.23879
6.43321 -6.04502 -0.9897
6.83153 -7.61177 -0.293048
5.69327 -6.12367 -0.291198
6.55505 -6.65848 0.0568004
7.58585 -6.98502 0.246348
7.34261 -6.0146 0.389027
6.43354 -5.69496 0.19702
5.87738 -7.61152 0.917315
6.80421 -7.43017 0.739032
5.59951 -6.7253 0.51715
6.30143 -6.67647 1.19168
5.78648 -5.83949 0.962266
5.7742 -7.19938 -0.353651
10.4266 -5.58321 1.12575
7.8389 -7.44031 1.1162
8.56511 -7.05396 0.0892476
8.24444 -6.52049 0.900821
8.10663 -6.17172 -0.256218
10.061 -6.44597 0.68987
9.3411 -7.01994 1.08868
9.05504 -6.13317 0.462123
9.61394 -7.25493 0.0982417
8.23912 -5.39521 0.375701
9.40816 -5.33245 0.960904
9.60157 -5.58357 -0.218312
7.97744 -7.57722 -0.539304
8.33078 -6.7665 -1.05995
10.1055 -6.52745 -0.341582
9.07725 -6.37673 -0.515898
9.82084 -6.37822 -1.33104
9.40232 -7.24894 -0.995176
8.62624 -5.42034 -0.601107
10.4881 -5.6804 -0.900952
10.6199 -5.6966 0.12564
-11.1226 -3.83371 1.24634
-10.9184 -5.07645 0.0227695
-10.8548 -4.82188 1.02709
-11.5529 -3.35101 -0.39538
-10.5025 -3.57685 -0.42781
-11.3084 -4.11149 0.263448
-11.565 -3.1256 0.613408
-10.4586 -3.34568 0.561545
-10.8628 -2.63049 -0.00476261
-10.6264 -5.15464 -1.12191
-11.1056 -4.3737 -0.705639
-10.6108 -2.75151 -0.984757
-11.2014 -3.50677 -1.32358
-7.9943 -3.59322 1.22448
-7.90579 -4.67667 -0.429997
-8.80711 -5.15684 -0.0533819
-8.99502 -3.71504 1.08783
-8.25853 -3.15211 -0.523338
-8.47674 -3.12607 0.457997
-8.30662 -4.37693 0.741949
-8.80969 -4.77641 -0.942384
-8.61097 -4.02774 -0.197198
-8.02752 -4.21757 -1.2933
-8.87201 -5.19792 0.974654
-9.82821 -5.10259 -0.165404
-10.2583 -4.27894 0.327914
-9.29523 -4.41416 0.43166
-9.90869 -5.06799 0.885275
-9.48539 -3.49254 0.0903331
-9.52592 -2.85193 0.8236
-9.13237 -2.6254 -0.185927
-9.76815 -4.23221 -0.59758
-9.72415 -3.18955 -0.818162
-8.91067 -2.68624 -1.20785
-8.89381 -3.71957 -1.07902
-7.37676 -3.58933 -0.90763
-5.78477 -3.80785 -0.537551
-6.73813 -3.73872 -0.188564
-5.31972 -3.24352 -1.25428
-6.32826 -2.95811 -0.673378
-6.32549 -4.845 -0.486317
-5.81929 -4.48689 -1.26795
-6.99777 -4.4849 -1.08721
-7.32495 -2.70767 -0.426757
-5.38652 -2.65304 -0.271384
-7.13601 -3.98642 0.886093
-7.09414 -4.63157 0.109617
-5.93879 -4.15698 1.30351
-6.14632 -4.33902 0.359404
-6.70372 -4.86259 1.00669
-5.31203 -3.21701 1.20294
-7.72073 -2.64611 1.05318
-7.69794 -3.69653 0.104338
-7.01838 -2.99425 0.486666
-6.43943 -3.28619 1.19144
-5.91784 -3.33908 0.360169
-5.35507 -4.96189 1.15716
-5.24948 -4.60809 -0.363985
-4.85774 -3.41729 -0.0301643
-4.5495 -4.03599 -0.868418
-4.70841 -5.09129 0.33995
-3.49783 -4.87071 0.359839
-5.16021 -4.14419 0.555894
-4.20577 -4.52089 1.11743
-4.24519 -4.1782 0.152214
-4.74088 -5.03744 -1.11994
-3.7869 -4.69603 -0.621186
3.28726 -4.95655 -0.267668
4.0002 -4.86739 -1.17229
3.81835 -4.68097 0.764159
4.11375 -4.26467 -0.168007
4.8652 -5.04275 0.838144
4.62995 -4.045 1.11178
5.0176 -4.25316 0.192233
5.03304 -3.29764 0.618085
4.66858 -4.01684 -1.12418
4.89868 -4.89427 -0.543745
5.05791 -3.39438 -0.382591
5.69675 -4.12307 0.991649
5.56039 -5.16201 0.129249
6.29882 -4.88136 0.7769
6.00404 -4.09486 0.0277507
6.8034 -3.99804 0.715423
7.0302 -3.09529 0.119798
6.18635 -3.24013 -0.49149
7.24448 -4.81274 1.21003
5.43133 -3.36002 -1.36174
6.1238 -3.24313 0.561125
5.71325 -4.36432 -0.895849
7.48001 -3.122 0.965835
6.4096 -3.83246 -1.33429
6.96012 -4.04121 -0.307183
7.79227 -4.05449 0.493679
7.08624 -3.19184 -0.930941
6.43992 -4.87173 -0.429249
7.257 -4.88244 0.207554
6.78998 -5.10981 -1.30669
7.29633 -4.28614 -1.18839
9.0931 -3.18134 1.11288
8.26389 -3.68155 1.30303
8.26645 -4.00761 -1.30208
8.24066 -4.71509 1.11463
9.56182 -3.98295 -0.032777
9.95867 -4.31823 1.16917
10.0373 -4.85028 0.333948
9.02468 -4.1364 0.822078
10.1626 -4.73959 -0.63053
8.37588 -3.26004 0.36589
7.81548 -2.64416 -0.291388
9.41099 -5.18357 -1.17695
7.87418 -3.65833 -0.427921
8.08079 -2.98902 -1.20648
8.99009 -4.38076 -0.76111
8.85922 -3.43676 -0.528738
8.13191 -4.57191 -0.258737
9.03257 -4.82584 0.15711
7.85859 -5.10271 -1.08107
9.79758 -3.18286 0.410559
9.83714 -4.01793 -1.27123
10.1982 -3.07892 -1.24959
9.64055 -2.82062 -0.51168
11.0839 -4.71807 -0.168487
10.9611 -4.74899 0.873855
10.538 -3.86459 0.488358
11.4631 -3.76033 -0.0439283
11.3998 -3.43688 0.90704
10.7252 -2.95106 0.0275772
11.739 -2.70476 -0.338185
10.4072 -3.71958 -0.50199
11.3525 -3.36357 -1.02359
10.9966 -4.35991 -1.18103
-11.7754 -0.25157 1.14202
-10.8937 -1.65244 0.408408
-11.9462 -1.43014 -0.224506
-11.7986 -2.20996 0.479172
-11.8571 -1.21509 0.789857
-10.5579 -2.45028 0.94005
-12.0251 -0.470861 0.112379
-11.043 -0.864475 -0.203469
-10.7894 -0.724819 0.802176
-10.8864 -1.79409 -0.583624
-11.7164 -1.37996 -1.21415
-11.7652 -2.40793 -0.546497
-10.793 -0.839992 -1.16843
-11.8738 -0.433705 -0.940959
-8.091 -1.71089 0.959409
-8.7096 -2.44843 1.20265
-7.98746 -2.31274 -1.09956
-9.85457 -0.366101 -1.0634
-8.78328 -0.216245 -1.2248
-8.97085 -1.23869 1.0742
-8.77472 -1.79874 -0.758047
-9.73825 -2.16248 -0.925953
-8.20611 -2.2768 0.00864672
-8.21995 -1.23279 0.099016
-8.20451 -0.924331 -0.89127
-9.67536 -1.88912 0.994627
-10.0054 -2.20452 0.0385814
-9.10567 -1.71433 0.210065
-9.94276 -1.12566 0.380242
-10.0138 -1.27505 -0.615825
-9.10808 -0.854568 -0.383403
-7.8339 -0.735938 0.868378
-10.1892 -0.311065 -0.123656
-9.61932 -0.456625 0.993662
-8.7996 -0.417064 0.402793
-6.16544 -0.653383 1.15108
-5.95889 -0.146627 0.290814
-7.59732 -0.0472089 -1.06103
-6.04242 -1.67307 1.29411
-6.13952 -1.31352 -1.3461
-5.73177 -1.76128 -0.488963
-6.69683 -1.99215 -0.828011
-6.80982 -1.18564 -0.0425843
-6.79632 -0.129989 -0.402681
-7.56708 -1.61491 -0.511809
-5.95311 -0.743689 -0.514317
-5.85758 -1.28247 0.378236
-6.95956 -1.3107 0.922176
-7.05023 -0.914807 -0.99469
-7.30675 -2.02379 0.37964
-5.57601 -2.35678 0.693919
-6.40152 -2.28677 0.144544
-7.71818 -0.384737 -0.111471
-6.98279 -0.363795 0.586903
5.64955 -2.44281 1.06851
6.02762 -0.902443 0.915772
6.98699 -1.35425 1.05464
7.47963 -2.16229 0.497975
5.473 -2.53916 0.000682662
6.58255 -2.27721 -0.521495
6.1496 -0.234136 -1.05941
6.49906 -2.29084 0.495876
5.92115 -0.661852 -0.188545
5.74498 -1.6379 0.261935
7.44271 -1.80511 -0.647049
7.62041 -0.919354 -0.275961
6.80045 -1.358 0.0930207
7.5909 -0.644113 0.694645
6.85604 -0.320588 0.0308121
5.64581 -2.47809 -1.01857
5.86699 -1.49927 -0.791418
6.74781 -1.03119 -0.893369
6.73945 -0.243937 1.13641
8.0342 -0.3602 -1.01621
9.02754 -0.746732 1.20802
8.28529 -2.52901 1.16143
8.08477 -0.0218297 -0.0421976
9.68918 -2.36581 1.10235
8.91301 -1.76252 1.18946
7.9934 -1.45146 1.04072
8.31011 -1.83073 0.155337
8.50525 -0.87088 0.35212
9.26924 -1.63671 -0.0780331
9.02562 -2.52251 0.335769
10.0719 -2.19859 0.176091
9.4409 -0.678776 0.209559
9.76898 -1.40033 0.849133
10.0452 -0.273756 0.874096
10.2796 -0.228757 -0.142821
10.2825 -1.22568 -0.013095
8.71375 -2.35508 -0.625434
9.09018 -1.72287 -1.2893
9.97038 -1.91778 -0.798937
8.92627 -0.236778 -0.510238
8.49573 -1.22151 -0.63884
9.63861 -0.938234 -0.779067
10.9364 -0.489948 1.25314
10.6702 -2.5876 0.955705
11.0211 -1.95797 0.0632098
10.7657 -1.552 0.92954
11.9221 -1.54991 0.441942
11.7071 -2.49951 0.694857
11.0989 -0.851224 0.306126
12.0194 -0.75505 -0.236096
11.9411 -0.381359 0.855755
10.8125 -2.40753 -0.838262
11.8417 -1.75389 -0.576085
10.5565 -0.486794 -1.22063
11.1872 -0.175001 -0.53482
10.854 -1.33539 -0.795383
11.7675 -0.886342 -1.19304
-11.6991 0.573837 -1.36534
-10.9069 0.0721156 -0.828099
-12.0176 0.436514 -0.377488
-11.9268 0.614266 0.635531
-11.0871 0.0532059 0.231432
-11.9635 1.47418 0.0914269
-11.7992 1.48832 -0.971471
-10.5538 0.124334 1.22043
-10.7577 0.906813 0.61936
-11.7056 2.43464 0.646204
-11.6041 1.50443 1.08038
-10.4702 1.82201 1.00007
-10.9113 1.83 0.0981068
-11.0884 0.946604 -0.331652
-11.7924 2.46483 -0.396481
-10.6434 1.1075 -1.21566
-10.9228 2.04809 -0.90147
-8.67921 2.12124 1.2204
-9.01437 0.890496 0.270223
-9.88332 0.390362 0.514445
-9.12548 0.451141 1.15653
-8.32331 0.369266 -0.263094
-8.11307 0.248648 0.763294
-9.44571 1.41719 1.11181
-9.05685 1.93226 0.262681
-9.94794 1.38761 0.228786
-9.65283 2.42669 1.09529
-9.94917 2.42166 0.136217
-8.29788 1.51351 -0.200925
-8.38579 1.17579 1.07403
-8.25681 2.47998 -0.0110012
-10.1315 0.69666 -0.454755
-9.27426 0.13526 -0.358077
-9.55977 0.605939 -1.26302
-8.48607 0.739808 -1.19549
-9.15287 1.28704 -0.665627
-9.98676 1.81039 -0.683924
-8.14168 1.71185 -1.15796
-5.79644 2.31626 -1.21863
-6.06877 1.29702 -1.23404
-6.72417 0.551274 -1.1237
-5.94655 0.536967 -0.4735
-5.9995 1.78313 1.34387
-7.24211 0.415162 1.1745
-6.1595 0.400197 1.14039
-6.77728 0.568925 0.264169
-7.74949 1.94542 0.863331
-7.63391 0.994223 0.366701
-7.40603 1.97014 -0.046173
-6.47607 2.03214 0.330112
-6.88426 1.35789 0.958099
-6.88599 2.41114 1.17053
-5.88316 1.15129 0.488917
-5.54734 2.37943 0.640597
-7.56619 0.912814 -0.629137
-6.63938 2.29722 -0.623106
-7.12279 1.62855 -1.24807
-5.72425 1.71355 -0.342341
-6.7093 1.30338 -0.354584
7.44761 0.38965 0.630461
7.31556 0.242786 -0.667125
6.0608 1.57164 1.30357
6.24836 0.561094 1.3407
6.99205 1.14921 -0.958255
6.00569 0.724452 -0.767191
5.98024 0.0951572 0.459276
7.5254 1.17418 -0.0744997
6.64335 0.649854 -0.0565378
6.88286 1.18677 0.756934
5.87879 1.13991 0.34177
5.70774 2.50021 1.20007
7.59258 2.51514 0.932969
5.79535 1.7196 -0.666278
5.61424 2.08324 0.273152
6.7818 1.89198 -0.281911
7.78412 2.13151 -0.0115009
6.64531 2.16374 0.639859
6.36187 2.54288 -0.922235
10.2238 0.668361 -0.603098
9.22115 0.773948 -0.670561
9.82077 1.25662 1.1163
8.74947 1.17143 1.22992
8.42738 0.852652 0.324559
8.46439 0.0340458 0.946839
9.26547 0.299662 0.24169
9.33625 0.371937 1.26987
9.45192 2.1368 0.934108
8.22757 0.777597 -0.699528
9.37613 2.51701 -1.00269
9.33262 2.49178 0.00803857
10.2472 2.44704 -0.442556
8.81228 1.69086 -0.63198
9.69496 0.00919983 -1.10235
9.79361 1.6028 -0.81636
10.2239 0.640564 0.408143
10.3464 2.326 0.56265
9.49691 1.31838 0.162854
8.49793 2.16904 1.26879
7.82293 1.53922 0.797759
8.67327 1.79508 0.312265
7.86701 1.66992 -0.910234
10.6445 0.610644 1.30741
11.9047 0.826391 0.759574
11.6059 2.0964 -1.12488
11.2016 2.23857 -0.0677153
10.8387 1.47937 0.85861
11.8189 1.82161 0.703034
10.4711 1.54005 -0.0387418
11.0876 0.189746 0.503995
11.1821 0.867412 -0.205899
12.0649 0.240721 -0.0172974
11.9486 1.57797 -0.316843
10.8218 1.43435 -0.990579
11.8852 0.538819 -0.951512
-11.0003 4.71495 -0.477544
-11.3897 2.94724 -1.19542
-10.8798 3.9047 1.33135
-11.4804 3.46907 0.57414
-10.7626 2.82867 -0.23734
-10.6217 2.79763 0.812483
-10.4122 3.75312 0.289681
-10.9749 4.66447 0.596671
-11.3441 3.74 -0.431017
-10.4347 4.71493 -1.42471
-8.90266 2.93292 0.659157
-8.99371 3.89135 0.796309
-9.58748 3.33088 0.00563928
-9.84979 3.38978 1.08811
-8.55748 3.41839 -0.218627
-8.03279 2.93282 1.11677
-8.67185 4.86652 0.92186
-9.11259 4.3206 -0.16862
-9.93727 4.76184 -0.0103961
-9.8533 4.41783 0.929185
-8.17865 4.27571 0.21392
-8.08893 3.96506 1.20571
-10.1481 3.02448 -1.0893
-9.26879 2.57479 -0.628793
-9.23201 3.60812 -1.01174
-10.0891 3.92031 -0.641876
-8.14175 3.68881 -1.07553
-8.45155 2.71374 -1.17126
-9.31148 4.73313 -1.07216
-8.32391 4.63691 -0.805484
-5.67176 4.15559 -0.60252
-6.2774 3.22122 -0.723539
-5.3327 3.22638 -1.19505
-5.48489 4.39213 0.501056
-7.58536 2.68872 -0.725918
-7.21887 3.63209 -0.809531
-5.3934 2.65678 -0.309334
-7.72361 4.94278 1.31678
-7.67705 3.37531 0.206022
-7.09947 3.38813 1.08174
-6.13834 3.0906 1.11377
-6.77075 2.95924 0.167246
-5.83565 3.47311 0.157687
-7.28254 4.32628 0.679898
-6.65842 4.01584 -0.0592262
-7.42902 4.54709 -1.27163
-6.30714 4.05873 0.930177
-6.72395 5.00912 1.22924
-7.40124 4.63745 -0.272647
-6.28072 5.01918 0.29978
-5.38346 5.04097 -0.250717
-6.51815 4.8323 -0.687957
-3.15848 5.05984 -0.329323
-4.8754 3.51873 -0.280921
-5.13465 3.28824 0.891509
-3.78017 4.95256 -1.27028
-4.2433 4.32234 -0.456524
-4.50745 3.99956 0.538002
-3.73334 4.66022 0.413482
-4.76605 4.08445 -1.26771
-4.73463 5.05283 0.503608
-4.80496 5.09895 -1.08104
4.23731 4.24806 -0.309611
4.63614 3.83943 0.585595
3.94486 4.59418 0.638868
4.87182 3.48747 -0.354308
3.27936 4.98119 -0.10148
5.02302 4.85192 0.538942
4.38381 4.50125 -1.253
4.99897 3.75168 -1.29474
3.56604 5.03153 -1.02332
5.75925 4.42838 1.0786
6.07485 3.47496 0.904599
7.42454 3.50603 0.861127
6.72327 4.18528 1.19152
7.26575 5.07084 1.26025
6.18085 2.93495 0.0632164
5.20466 3.00329 0.491233
5.38155 2.65035 -0.598932
7.54367 2.69529 -0.822641
7.16411 2.9011 0.114995
5.84934 3.59287 -0.673586
6.25798 4.49454 -0.448545
5.55706 4.08713 0.140038
6.82126 3.42511 -0.714892
7.40286 4.50766 0.429451
6.66005 3.8324 0.198317
7.21781 4.31458 -0.563432
5.61761 5.19218 -0.162732
6.4194 4.88778 0.456228
5.40861 4.63302 -0.981365
6.63744 5.0519 -1.19873
7.6151 4.86983 -1.26331
9.96233 4.14594 -1.22062
9.07859 3.06582 1.12121
9.87665 5.09189 0.225608
9.79032 3.24461 0.503431
9.68168 3.37681 -0.525107
10.2107 4.1835 -0.228827
10.2696 4.04976 0.814337
8.23912 5.17134 1.07921
9.27415 5.00518 1.00208
8.46241 2.67147 -0.547474
8.39896 2.83021 0.458676
7.82942 3.63093 -0.026559
8.79646 3.53831 -0.0420092
8.18718 4.56471 -0.453665
8.40566 4.29182 0.49765
9.13993 4.31181 -0.657665
9.39129 4.19587 0.393731
8.89895 5.1726 -0.0359746
9.7926 5.04193 -0.770948
7.82826 3.60205 -1.03041
8.79449 3.41918 -1.0855
10.7602 3.00467 1.25356
11.6474 2.84188 0.670747
11.3295 3.8105 0.847237
11.626 3.09238 -0.510475
10.7123 3.19928 0.122295
11.2962 4.06762 -0.188596
10.8651 5.04471 -0.637403
10.9332 4.85687 0.387155
11.0684 4.13272 -1.21612
10.6237 3.27872 -0.891592
-10.5701 5.67265 0.281156
-9.4262 5.39587 0.620486
-10.4623 5.32193 1.34973
-9.77651 6.45436 -1.16591
-10.0569 6.35913 0.905243
-9.9326 6.40175 -0.147399
-9.22873 5.48798 -0.434781
-9.36429 7.11432 1.30534
-10.4094 5.58381 -0.733047
-8.34127 7.0629 1.20482
-8.08661 5.81617 0.816957
-8.36078 5.26146 0.021598
-8.93551 6.25168 0.688782
-9.57344 7.27623 0.193668
-8.35732 6.90983 0.162637
-8.53615 6.17932 -0.522688
-7.96902 7.33711 -0.694352
-9.17438 7.10227 -0.68268
-7.20501 5.90689 1.31287
-5.29832 5.5879 1.05443
-6.56989 6.86811 1.29548
-5.62317 6.58776 1.08171
-7.63623 6.20424 -0.00262318
-7.24955 5.38406 0.411693
-6.3442 5.87407 0.864962
-6.6918 5.91317 -0.231081
-5.67913 5.93523 0.111533
-7.7658 7.68068 0.485156
-6.35824 6.71039 0.293871
-6.71551 7.56892 0.62292
-7.43692 6.72539 0.79265
-7.19013 7.09214 -0.145147
-5.21151 6.86317 0.195751
-5.67711 7.53492 0.839121
-5.91846 7.49825 -0.174791
-7.69066 5.49647 -0.738793
-6.87056 5.54703 -1.27109
-5.94525 5.64922 -0.870803
-6.62821 7.24906 -0.94424
-7.25153 6.44515 -0.911844
-5.90991 6.63071 -0.639986
-5.71972 7.60139 -1.16747
-2.62681 5.39012 0.468125
-3.1613 5.39482 1.31546
-2.83485 5.56327 -1.18533
-2.64631 6.41246 0.371794
-4.32329 5.79854 1.20672
-4.80543 7.67061 1.25695
-3.79829 7.43103 1.05365
-3.46769 6.39433 1.28749
-4.61651 6.05981 0.263452
-3.61264 5.68004 0.460879
-4.21703 5.36419 -0.317383
-4.63021 6.76116 0.98853
-3.33294 7.08472 -0.417655
-3.73979 6.65426 0.391213
-4.25521 7.50519 0.19212
-2.9604 7.38739 0.610379
-5.02561 6.06192 -0.643952
-3.4315 6.06404 -0.458919
-4.19703 5.96565 -1.19997
-4.94501 7.3967 -0.575376
-4.26128 6.68639 -0.493132
-2.10701 5.86239 1.20218
-1.44174 5.84808 0.501501
-0.920686 6.19392 1.3336
-0.466939 5.94291 0.186925
-2.39329 6.83225 1.24925
-2.10351 5.61142 -0.342496
-0.588769 6.79208 -0.459162
-1.88423 7.32706 0.560512
-0.947616 6.81992 0.521037
-1.84522 5.98185 -1.30604
-1.11821 5.90744 -0.587635
-1.74183 6.60552 -0.103695
-0.237424 7.72281 -0.387094
-0.247931 7.16358 1.22318
-1.18188 7.54224 -0.181694
-1.5489 6.97491 -1.01173
-2.55135 6.48562 -0.708583
-2.35038 7.4137 -0.338184
0.0701861 6.17098 1.12335
0.790089 7.1296 0.943525
1.05499 5.99964 0.910398
1.74428 6.78381 0.932056
2.05295 5.74867 0.851386
1.99034 7.7449 0.794228
2.45536 5.57734 -0.852587
1.77934 5.67486 -0.0807408
0.0805083 6.88726 0.266433
0.0794383 6.10048 -0.854822
1.28372 6.64767 0.0738859
1.19712 7.0334 -0.850388
0.529424 5.95958 0.0583733
1.09335 5.99194 -0.774494
0.198637 7.09723 -1.05021
2.12171 6.59286 -0.602169
2.42346 7.01935 0.257572
0.65968 7.58463 0.024769
2.50873 7.69197 -0.602667
1.64488 7.57771 -0.0927213
2.94978 5.31787 0.768752
4.36411 7.46694 1.20644
2.85201 6.46825 0.941217
3.77777 6.15724 1.19432
3.96828 7.4355 0.193956
2.76137 5.98775 0.0277522
3.38501 7.26616 1.04605
3.12509 6.9348 -0.496957
4.63447 5.53174 1.16438
4.61749 6.59938 0.914108
4.58035 5.18296 -0.357775
4.00234 5.61776 0.345162
3.45872 5.98505 -0.715042
4.42049 6.11753 -0.619226
5.01997 5.89152 0.273604
4.72103 6.85128 -0.030669
4.6662 7.71971 -0.566782
3.66094 6.53381 0.259497
4.83394 5.4943 -1.27646
4.02994 7.02047 -0.923102
5.03057 6.85973 -1.11488
7.77851 7.35044 1.28758
5.37554 7.689 1.33087
5.5072 6.02165 1.14068
6.32613 5.4865 1.2661
6.39241 6.55234 1.06827
6.34861 7.52744 0.87109
6.06318 5.88643 0.332197
6.50839 6.08135 -0.563258
7.01816 5.74962 0.573785
7.01347 5.26495 -0.306953
7.41373 6.28966 -0.185423
5.54256 6.37615 -0.408681
5.57836 7.4263 -0.216283
5.52325 6.94936 0.669713
7.11765 7.32767 -0.318477
6.35452 6.85125 0.0564378
7.20816 6.92308 0.616808
5.78197 5.60635 -1.03868
7.43138 5.85515 -1.0731
5.35409 7.7805 -1.27351
5.97837 6.64943 -1.28327
6.28085 7.4996 -0.913067
7.01479 6.76209 -1.12519
9.93249 6.75994 -0.555144
9.23216 7.76226 0.409255
10.4138 5.75773 0.848672
10.2664 5.89508 -1.13346
9.29546 7.40862 -0.964615
9.81458 6.89087 0.55628
7.90464 6.18959 0.701804
8.86702 5.97591 0.923848
8.50859 6.96281 0.711065
7.90156 5.32667 0.152421
8.45315 6.11404 -0.163359
9.45323 6.01577 0.157063
7.88096 7.6189 0.294291
8.0834 6.94824 -0.497342
9.04139 6.92181 -0.163051
8.32706 5.45027 -0.903043
9.24593 5.88601 -0.841002
10.471 5.96506 -0.119228
-8.24462 8.70845 0.543237
-8.81131 8.0902 -0.343335
-8.88392 7.90558 0.691707
-8.28166 8.4389 -1.19844
-6.50671 8.27085 1.29751
-7.73551 8.33691 -0.290775
-6.59141 9.09999 -0.0327861
-6.77217 8.00812 -0.315815
-7.1431 8.47712 0.548843
-6.06832 8.3607 0.39172
-5.95828 9.23317 0.770713
-6.50414 10.1248 0.333525
-7.01815 9.53364 0.906647
-7.62934 9.365 0.0549053
-5.6203 10.4533 0.747748
-5.73983 9.47072 -0.38027
-7.31627 7.9266 -1.19512
-7.60217 9.16141 -0.925584
-6.62044 8.76093 -0.928552
-5.77049 8.43101 -0.557171
-6.72704 9.90707 -0.675538
-5.83547 10.232 -1.22129
-3.1607 9.85114 -0.437564
-2.83714 9.64249 0.794547
-3.14621 8.66455 1.12666
-4.05267 8.35588 1.07676
-4.91584 8.90348 -0.349947
-5.10396 8.07995 0.157885
-5.06115 8.62414 0.936176
-4.14729 8.51623 0.138344
-3.17523 8.9842 0.148387
-3.28668 8.02254 -0.0131626
-4.8516 10.0485 -0.358201
-5.06801 9.4749 0.454357
-4.44641 10.2088 0.725843
-3.91837 9.34911 0.752219
-4.04384 9.44739 -0.206149
-4.93235 8.2309 -1.13491
-4.05179 7.97191 -0.745555
-3.22871 8.87081 -0.844078
-4.1745 8.91006 -1.06103
-3.06758 7.7983 -1.05934
-5.06327 9.49353 -1.16709
-4.14559 9.91584 -1.1091
-0.715823 8.43416 -0.891151
-2.39865 8.41248 -0.306755
-2.42162 8.09427 0.966947
-0.801326 7.83331 0.724611
-2.37705 8.50845 -1.3264
-1.6379 8.28622 0.316583
-1.65059 8.01768 -0.888568
-2.11524 9.01031 1.28448
-1.80254 9.89449 0.846229
-0.776353 9.95233 1.00253
-1.18593 9.0659 0.868288
-0.671555 8.59346 0.116168
-2.17018 9.14146 0.26395
-1.42666 9.04028 -0.406357
-2.15473 9.98876 -0.212751
-0.207711 10.2181 0.212894
-1.16345 9.90726 0.0344993
-0.58411 10.3035 -0.734577
-0.214734 9.41807 -0.382602
-0.112298 9.25483 0.632671
-1.47914 9.86445 -0.997147
-2.41924 9.46219 -1.03328
-0.598699 9.42301 -1.3099
0.142948 8.02444 0.788792
1.14244 8.23764 0.694867
2.28211 9.4882 0.875599
1.32729 9.42958 1.1939
1.87728 8.63546 1.29123
1.65387 9.65965 -1.13958
0.655487 7.97241 -0.911199
0.789903 9.41852 -0.633243
0.866185 9.16481 0.372116
0.268337 8.55419 -0.159843
1.27965 8.48024 -0.283538
1.70809 9.37878 -0.166502
2.20901 8.67984 -0.641949
2.26967 8.64153 0.354912
0.177991 8.82759 -1.17613
2.41968 9.99331 -0.0341591
1.20389 8.77913 -1.29814
1.66055 7.94553 -1.07737
0.525901 9.9689 0.868099
0.707384 10.2327 -0.123088
1.52411 10.1312 0.498508
0.275069 10.0153 -1.18625
2.82423 8.13106 1.20205
3.75523 8.22646 0.866028
2.90669 8.28919 -1.28784
4.03568 10.334 0.337244
3.69717 9.92794 1.26417
3.1816 9.00571 1.0742
4.13031 9.15462 0.664985
3.24712 9.68088 0.362228
4.68804 8.48258 1.15986
3.00174 7.82999 0.265655
3.00161 9.57625 -0.655888
3.17369 8.72066 -0.151739
3.52555 7.84201 -0.654203
2.71214 10.3641 1.14397
4.15907 8.4195 -0.0633287
4.99034 8.89443 0.203868
4.89577 7.80941 0.416657
4.00661 9.38457 -0.303306
4.57395 10.1024 -0.509724
4.90803 9.89136 0.428645
3.71941 8.87045 -1.10911
4.72442 8.69608 -0.871627
4.90216 9.55063 -1.27128
6.38982 9.89825 1.21666
7.18919 8.08451 0.885338
5.59161 8.39162 -0.470278
5.73747 8.32841 0.602663
7.34056 8.39376 -0.0750168
6.59848 8.83549 0.643636
6.81281 9.77263 -0.883195
6.31414 9.0804 -0.285991
6.2499 10.2213 -0.134338
5.3967 9.56881 -0.411846
5.79135 9.42599 0.529979
7.53047 9.36421 -0.364131
6.96665 9.80969 0.383833
7.71091 9.11812 0.624789
5.81011 9.08014 -1.17899
6.7671 8.48031 -0.908488
5.92904 10.228 -1.13889
6.42848 7.99444 -0.0267659
7.62987 7.91038 -0.928127
8.63253 7.95575 1.32572
8.69969 7.87116 -0.389962
8.45961 8.51553 0.38782
8.252 8.71688 -0.634612
-5.74753 10.5744 -0.31246
-3.67674 10.9012 -1.10098
-4.62941 11.0254 -0.827585
-3.13191 11.5031 0.848105
-3.3887 10.4101 0.678653
-2.93573 11.5259 -0.966002
-4.13867 11.2286 0.724253
-2.87826 10.7361 -0.114935
-3.70324 11.4772 -0.215617
-3.93179 10.4388 -0.141579
-4.93252 10.99 0.207273
-1.40875 10.8265 0.754937
-2.41025 10.6877 0.811048
-2.06074 11.6871 1.01915
-0.988257 11.848 0.957648
-0.39475 10.9808 0.83214
-2.57478 11.759 0.0242575
-1.54025 11.9366 0.0758156
-1.87997 10.932 -0.161798
-0.465269 12.014 0.0256187
-0.887898 10.9964 -0.11013
-1.42564 10.8279 -1.08639
-1.8952 11.7695 -0.892472
-2.44468 10.5348 -1.07997
-0.845632 11.7757 -0.929635
2.2654 11.6678 -0.899658
1.64933 10.4896 -0.547904
2.11742 10.9417 0.272959
0.165888 11.9066 0.927759
0.626557 10.9421 0.960091
1.65993 10.7791 1.20087
1.20072 11.8538 0.888888
2.16317 11.681 1.01839
0.122808 11.1012 -0.129492
0.637445 12.0488 -0.0144607
1.15435 11.1305 0.107118
1.8201 11.9156 -0.00513306
0.196224 11.8725 -1.00932
1.2399 11.8436 -0.860389
0.813195 10.9115 -0.881187
4.9718 10.6234 1.32481
4.84291 11.0056 0.392707
2.82373 11.7214 0.0835739
4.05951 11.0358 1.21368
3.13869 11.4194 1.05421
2.65505 10.762 -0.638671
3.10573 10.7011 0.292955
3.60724 10.4184 -0.612166
3.45397 11.4791 -0.643742
3.87703 11.4003 0.285207
4.44345 11.1492 -0.545511
4.97003 10.6458 -1.33399
5.76586 10.4948 0.695314
5.42252 10.731 -0.379716
-2.98084 -10.6244 2.27686
-3.49265 -11.1434 1.45984
-3.97258 -10.4652 2.0924
-2.27477 -11.3928 1.61686
-1.91206 -10.7371 2.37159
-1.66037 -10.5474 1.32421
-0.880252 -10.7741 2.43185
-0.22872 -10.9464 1.53648
-1.19573 -11.4246 1.75313
1.08663 -10.9994 2.23959
1.55622 -11.5982 1.37529
0.126783 -10.8807 2.43411
2.14247 -11.0148 2.08971
3.5058 -11.0904 1.5383
-7.91829 -8.32796 1.78036
-6.91285 -9.18435 1.76221
-5.94183 -9.74163 1.82605
-6.0966 -8.86916 2.33168
-7.10356 -8.3864 2.32224
-6.38284 -8.12734 1.59098
-6.23831 -8.0005 2.79709
-5.32994 -8.47815 2.86259
-5.33575 -8.90587 1.58048
-4.91849 -10.1902 1.96197
-5.15924 -9.42899 2.50078
-3.88454 -9.71517 2.68532
-2.84984 -9.75978 2.81647
-3.22573 -9.41897 1.88807
-4.66489 -8.22457 1.98861
-3.37795 -8.75469 3.00327
-3.65536 -8.15347 2.214
-4.40999 -7.88164 3.0028
-4.23813 -9.17037 1.89441
-4.3814 -8.86863 2.91152
-2.7354 -8.52806 2.14536
-2.77949 -7.87035 2.97267
-2.93103 -7.88398 1.37706
-0.325541 -9.95754 1.99196
-0.845815 -9.87422 2.9098
-1.31088 -9.81831 1.92923
-0.308915 -8.98988 3.0468
-1.85204 -9.8638 2.87166
-1.33795 -8.96613 3.03817
-0.78756 -8.97741 2.13387
-2.33227 -9.82604 1.90969
-2.3364 -8.90451 3.03761
-1.81685 -8.03065 2.87401
-1.82701 -8.92511 2.05346
-1.24014 -8.07549 1.94306
-0.779872 -8.08907 2.92114
-0.316142 -8.28795 1.54227
0.63168 -9.97767 1.87935
0.216428 -8.99845 2.14764
0.166582 -9.88258 2.9116
0.256472 -8.16583 2.92557
0.789959 -9.06555 3.04221
2.32414 -10.2076 2.66494
1.17418 -10.1092 2.81721
2.26152 -9.25021 2.05412
1.22187 -9.1419 2.06588
1.76336 -9.27855 3.00202
0.822124 -8.19134 1.98475
1.86996 -8.29756 2.07016
2.27462 -8.36174 3.00816
1.29876 -8.17966 2.95813
1.68221 -10.0387 1.81188
3.40283 -10.2976 2.42736
2.78843 -9.31499 2.94055
3.28709 -9.23487 1.93729
3.83902 -9.39822 2.84047
5.09363 -8.77868 2.85386
4.57331 -9.42509 2.27978
3.28856 -8.43195 3.0448
3.4103 -8.16731 1.99513
4.19322 -8.50109 2.66864
2.74617 -10.2957 1.6559
4.25526 -10.4214 1.90649
5.14806 -10.1242 1.92372
2.64543 -8.49255 1.49813
4.27419 -8.47457 1.56806
5.73663 -9.37324 2.27561
6.73873 -9.05817 2.03002
5.29616 -7.97754 2.10335
7.01694 -8.16663 2.47084
6.08647 -8.45957 2.68098
5.21765 -8.77579 1.55851
6.09833 -9.93405 1.47721
6.24815 -8.08049 1.6833
7.90623 -8.15644 1.93927
-9.783 -5.98447 1.40083
-8.66258 -7.58014 1.72596
-9.35819 -6.8835 1.61337
-8.02162 -7.26601 2.46413
-9.40545 -5.76256 2.26691
-8.54999 -5.51989 2.81415
-8.7411 -6.51808 2.36071
-7.85789 -6.31864 2.85301
-7.98266 -6.83186 1.50409
-7.86298 -5.68142 2.03146
-8.69529 -6.03291 1.43341
-6.56077 -5.27631 2.95537
-7.20685 -6.57852 2.12684
-7.22729 -7.5408 1.65949
-7.12335 -7.44058 2.76953
-6.97267 -5.65858 1.60817
-6.90185 -6.23287 3.01329
-7.56864 -5.33712 3.02271
-6.23571 -6.98676 3.02619
-6.35128 -7.17971 1.98477
-5.34972 -7.44606 3.03777
-5.50743 -7.75415 2.01259
-5.46175 -6.75253 2.31072
-6.3021 -6.16041 2.04971
-5.40433 -5.69012 1.83964
-5.8299 -6.08696 3.00466
-5.64283 -6.52391 1.33712
-4.6728 -6.38543 1.80921
-4.25586 -7.2598 2.0749
-4.61729 -6.79732 2.94546
-3.72282 -6.36651 2.56802
-3.31106 -7.07205 1.74689
-3.60378 -7.349 2.93301
-2.69326 -6.92505 2.61594
-4.87777 -5.868 2.73727
-4.07906 -5.50722 2.18624
-2.90696 -6.04306 1.99003
-4.94114 -7.23301 1.39204
-3.75389 -6.20404 1.47923
-3.50687 -5.23349 1.39287
-2.24051 -7.60335 2.03525
-1.88785 -6.55762 2.1408
-0.236316 -7.57826 2.30797
-0.821941 -6.60985 1.94422
-1.2638 -7.24035 2.5797
-1.47106 -7.20685 1.42062
-2.15109 -5.93894 1.38172
0.735391 -7.30691 2.56215
0.194937 -6.71015 2.04919
0.750851 -7.3573 1.47559
1.75335 -7.31616 2.65658
2.48772 -6.67487 2.33482
1.52457 -6.48264 1.96224
1.73859 -7.45372 1.62905
3.44674 -7.02377 2.15324
3.73199 -7.51955 3.01556
2.76617 -7.5735 2.71391
4.32159 -7.60049 2.09217
4.74668 -7.73058 3.08556
3.2039 -6.08924 2.17531
4.12723 -5.70459 2.31211
5.03444 -6.97454 2.44472
4.11855 -6.6421 2.84234
4.96254 -6.07435 2.80525
2.7503 -7.51347 1.60352
4.95608 -5.77972 1.61915
4.31234 -6.58705 1.7701
3.51204 -5.30464 1.52146
7.74174 -5.42807 3.02387
6.44968 -5.30344 2.01346
5.83933 -5.56158 2.8931
6.70536 -6.1026 3.04016
7.34107 -5.78065 2.10239
7.6392 -6.44974 2.89065
7.72124 -7.35539 2.56068
5.95486 -7.18824 2.02929
5.72716 -7.58131 3.01984
6.6841 -7.24643 2.90612
6.7438 -6.5355 2.11802
5.84256 -6.07671 1.99537
5.79104 -6.58967 3.00774
7.00334 -7.43804 1.70859
5.26406 -6.71311 1.45902
9.77586 -6.16226 1.64753
8.54831 -6.0769 2.64781
9.37034 -5.54959 2.33787
8.20871 -5.25964 2.03351
8.74286 -5.86818 1.46169
8.01218 -6.65768 1.93824
9.01207 -6.75303 2.0716
8.70436 -7.58733 1.6626
-10.5324 -4.29775 1.90472
-11.2419 -2.90241 1.54011
-10.597 -3.26927 2.21531
-10.1783 -5.22763 1.86233
-8.00902 -3.5047 3.02089
-8.73956 -4.03783 2.07125
-9.48219 -4.4657 1.54285
-8.62056 -5.00452 1.89321
-9.41342 -4.772 2.62401
-8.45479 -4.52087 2.96809
-9.77316 -2.87347 2.78351
-9.85371 -3.92061 2.55561
-9.21166 -3.17426 1.90455
-9.00807 -3.53979 2.97163
-8.24209 -3.11017 2.07776
-9.98965 -3.60587 1.36021
-7.45251 -4.35088 3.0256
-7.77274 -4.12968 2.04646
-7.14951 -4.91119 2.19711
-7.75169 -4.87096 1.37001
-6.08332 -3.37722 2.25347
-6.78778 -4.05838 1.8154
-7.01602 -3.44402 2.78036
-6.45092 -4.29736 2.77989
-7.25347 -3.15316 1.79244
-6.18666 -5.0021 1.8795
-5.60409 -5.12316 2.70419
-5.57848 -4.19066 2.27137
-4.78588 -4.84663 2.09451
-4.90252 -3.99257 1.50187
5.05463 -5.11139 2.42771
4.37517 -4.83769 1.73446
6.76646 -5.08829 3.00553
5.9193 -4.58635 2.62526
5.23593 -4.17935 1.98133
6.44103 -4.33998 1.68141
5.62033 -5.02139 1.51805
6.88142 -4.09003 2.84825
7.33541 -4.76753 2.19339
7.36794 -3.9157 1.72016
6.60701 -3.30752 1.42472
5.51673 -3.29382 1.60223
6.11561 -3.63886 2.3476
6.90051 -3.07571 2.6478
6.2435 -2.60511 2.06749
7.67031 -3.01311 1.98597
7.7961 -3.44048 2.96499
8.71709 -4.93755 2.88048
7.80641 -4.42611 3.04946
8.26485 -4.24562 2.11085
8.72262 -3.91625 2.99745
9.0727 -4.75192 1.68892
9.40567 -3.8423 1.85633
9.61819 -4.50089 2.59427
10.3339 -3.70329 2.33281
10.2326 -4.97599 1.91345
8.61232 -3.31675 2.13379
8.63242 -2.81892 3.05255
9.5146 -2.79952 1.95637
9.52395 -3.36862 2.85406
10.3971 -2.64095 2.52655
10.1412 -3.32247 1.33892
11.0326 -3.0298 1.84064
10.8964 -4.06006 1.57922
-11.1382 -0.157267 2.15702
-10.8811 -2.21735 2.20458
-10.5504 -1.53227 1.37693
-11.5225 -1.95383 1.41551
-10.7583 -1.21915 2.44674
-11.4349 -1.00082 1.74262
-10.2392 -0.667834 1.74458
-10.0742 -1.98338 2.7726
-7.90269 -2.18577 1.95334
-8.10734 -1.68938 2.93663
-9.67935 -1.50051 1.89314
-9.97834 -2.52131 1.75208
-8.54125 -1.33472 1.96448
-9.85265 -0.96404 2.90696
-9.01599 -2.21962 2.12876
-8.59836 -0.78066 2.93127
-8.64887 -2.58293 3.02906
-9.1442 -1.67461 3.01632
-9.26639 -0.0568238 2.9952
-9.23698 -0.603284 2.11407
-10.3072 -0.102133 2.74388
-8.59897 -0.356532 1.48438
-7.54303 -0.74645 2.67047
-6.89561 -2.18968 1.44333
-7.59152 -2.58692 2.86776
-5.96525 -2.53632 1.708
-6.66625 -2.51481 2.40626
-7.58889 -1.2386 1.70126
-7.13796 -1.68757 2.54616
-6.59813 -1.12874 1.98459
-7.66943 -0.260326 1.7793
-6.66491 -0.139164 1.92396
7.59188 -0.99867 1.83123
6.56242 -0.850579 1.93084
6.85075 -1.78428 2.3618
7.49672 -0.364574 2.65445
6.98495 -2.35383 1.38575
6.13901 -1.73149 1.52178
7.65478 -2.41672 2.87701
7.65146 -1.4019 2.80321
7.74756 -2.0107 1.89524
7.69078 -0.0753131 1.5401
8.66456 -2.33227 2.10965
9.49438 -2.27866 2.94628
8.51126 -1.3162 2.0765
8.574 -1.81303 3.03688
8.46045 -0.803427 3.00243
10.197 -1.01498 1.65401
10.2944 -1.66516 2.69899
9.45444 -1.68596 2.04078
9.39974 -1.22363 3.0135
10.3578 -2.03216 1.73879
10.2278 -0.662366 2.77917
9.27489 -0.142974 3.04895
9.38534 -0.662756 2.10562
10.1075 -0.0284856 1.84995
8.47665 -0.313638 2.03161
11.066 -1.3591 2.1806
11.4001 -2.16551 1.62995
11.0553 -0.35484 2.2641
11.6804 -1.18362 1.38216
-10.7868 0.769291 2.4336
-11.469 0.634255 1.58843
-11.1311 1.61599 1.99545
-11.3341 2.55003 1.59453
-8.76573 0.839375 2.98636
-9.81768 0.816003 2.88864
-8.11937 0.0851292 2.83642
-9.24132 1.69029 3.00901
-7.84506 1.23569 2.85742
-8.68434 2.46503 3.03627
-9.82467 2.62362 2.83022
-9.74405 0.221192 1.89884
-8.31527 0.531881 1.91176
-10.343 2.32202 1.89993
-10.2175 1.06387 1.59588
-10.3189 1.7168 2.6684
-9.18343 1.00832 2.01741
-9.38347 1.99271 2.00033
-8.42544 1.69128 2.14112
-7.72795 2.20201 2.88027
-7.23904 0.497521 2.44115
-7.57681 1.27028 1.72131
-7.60597 2.30545 1.83262
-6.8403 1.81264 2.34506
-6.52959 1.00531 1.8813
7.53694 0.899302 2.69259
6.82741 0.107823 2.11772
7.12794 1.91498 2.58851
6.69668 1.10593 2.09628
7.13735 1.8307 1.50147
7.55225 0.873443 1.50135
6.33878 2.21923 2.02244
10.1832 0.382304 2.83673
8.32079 0.204547 2.97308
8.34412 0.683074 2.03483
8.58056 1.12416 3.02842
10.0657 1.11156 2.05109
9.27392 0.463679 2.24198
9.60399 1.14522 3.00233
10.2813 2.07854 1.53741
9.05582 1.52096 2.11419
10.0801 2.00649 2.75173
9.07376 2.10458 3.02624
9.45717 2.38584 1.9252
8.06003 2.00048 2.96782
8.01428 1.65953 1.96996
8.49152 2.54034 2.17364
10.9756 0.674727 2.32364
11.6043 0.209479 1.60539
11.5049 1.25411 1.62182
11.3676 2.32138 1.59173
10.8703 1.68703 2.31676
-10.7416 3.21604 2.09844
-9.04106 3.44806 2.94034
-7.93474 3.22592 2.98374
-8.27564 4.20794 3.04232
-9.978 3.70427 2.56806
-9.45434 3.03023 1.90069
-8.49523 3.73847 2.06307
-8.52229 2.75489 2.02265
-10.3241 4.54418 2.03019
-9.28815 4.51687 2.71631
-9.47347 5.08635 1.62229
-9.33984 4.03364 1.73555
-8.55476 4.82872 1.95438
-6.79893 4.16578 1.78532
-5.5086 4.42371 2.31686
-7.1747 3.91243 2.92826
-7.67198 4.44393 2.19618
-5.56306 3.52323 1.78569
-7.51641 3.3796 1.96802
-6.94992 2.88196 2.6373
-6.19505 2.61453 1.96867
-6.27996 3.61921 2.45428
-6.34742 4.63337 2.79949
-7.28417 4.94657 3.0455
-5.78005 4.81011 1.44069
-4.02571 4.81889 1.34702
-4.8462 4.2488 1.48737
-4.66981 5.0917 2.1089
4.59288 4.43265 1.44474
4.5684 5.12471 2.17456
3.72561 5.11658 1.45584
6.72046 2.9945 2.5513
7.65934 2.92705 2.94887
6.70287 4.73831 2.94378
7.2222 3.84077 2.93415
7.52821 2.641 1.94256
5.72625 5.03921 2.72149
6.25045 3.90792 2.53322
5.92078 3.20601 1.92513
6.74537 2.91919 1.32154
5.17412 3.58889 1.40668
6.33159 4.68441 1.90167
5.38055 4.25173 2.16263
7.3755 4.5925 2.1574
7.19278 3.64803 1.86461
5.44404 5.18697 1.63727
9.6365 2.96322 2.83305
8.63412 3.09944 3.06787
9.38971 4.93288 2.59821
9.9002 3.93934 2.57301
8.88092 4.06896 2.95072
9.89184 3.3341 1.61561
9.74268 4.40165 1.6918
7.95958 4.47313 3.06027
8.48199 4.57767 2.08281
9.00769 3.41907 2.08438
8.07972 3.67796 2.38783
8.1691 3.26081 1.44378
8.879 4.04003 1.32061
7.88003 4.2473 1.35251
10.6016 2.88267 2.3136
10.8003 3.91598 1.81632
10.6367 4.87388 1.38896
-9.65028 6.06554 1.83262
-8.58404 5.8277 1.64408
-9.22098 5.51293 2.54256
-8.2722 5.20528 2.95442
-8.2701 6.2372 2.74338
-8.86355 6.76149 2.11928
-8.16054 7.47271 2.25614
-7.2905 5.96846 3.0022
-6.3006 5.76444 3.00023
-5.40332 5.39432 2.68872
-5.44464 6.47566 2.95453
-6.73686 5.27611 2.15112
-7.72399 5.54322 2.11486
-7.38979 7.04527 2.79123
-6.42606 6.91023 3.01712
-5.75619 7.65523 2.93333
-5.93562 5.77398 1.83667
-7.72115 6.57492 1.82749
-6.65339 7.46484 2.15388
-7.36229 7.57413 1.43091
-6.77832 6.32355 2.11512
-5.87328 6.80383 2.01761
-4.51921 6.12604 2.70434
-4.28648 7.10827 2.95478
-3.2879 7.45826 2.87
-3.46854 6.48298 2.56134
-3.82248 5.65833 2.09795
-2.75273 6.08775 1.96847
-3.14535 7.2218 1.77382
-5.00045 6.2452 1.81962
-5.02218 7.26026 2.17984
-4.16691 6.86165 1.88106
-1.71331 6.44242 1.94088
-1.34234 7.20721 1.36098
-0.779376 6.81937 2.18039
-1.49194 7.36471 2.6302
-0.0659436 7.57252 2.70303
-2.11445 7.59862 1.83056
-2.43572 6.87118 2.52228
0.179671 6.74279 2.04152
1.84363 6.94716 2.42457
0.917996 7.27551 2.53554
1.09098 6.49817 1.80182
2.47325 7.15755 1.54038
2.04168 6.19314 1.75719
0.442739 7.78227 1.74506
1.43893 7.51685 1.59675
2.8389 6.53917 2.35508
3.53916 7.03996 2.83316
4.34895 7.63251 3.01617
4.329 6.49641 2.80267
3.84255 6.86301 1.85637
2.94264 5.79056 1.70952
2.60736 7.46095 2.83596
3.23052 7.6314 1.99318
4.78656 7.26365 2.12699
5.09305 5.78712 2.76382
3.79925 5.84309 2.26164
4.77145 6.24882 1.86214
6.89136 7.56622 1.69016
7.53417 6.88527 2.17161
5.31454 6.74377 2.98084
6.27448 6.78577 3.04237
5.37693 7.76731 3.02393
6.03737 7.52815 2.3108
7.25772 6.38937 2.95215
6.97702 7.51286 2.82038
6.38751 5.76524 3.03153
7.47573 5.39999 3.02112
5.90831 5.95183 2.14523
7.23916 6.20803 1.46554
6.89568 5.54786 2.12891
5.59104 6.84118 1.76648
6.56018 6.66788 2.02383
9.78225 6.26006 1.39405
8.9001 5.4598 1.83143
8.51817 5.3985 2.86227
9.96276 5.42536 1.95528
9.24118 7.12616 1.4429
8.20222 6.36584 2.72008
8.48842 7.24719 2.16602
9.13264 6.34287 2.21743
7.8815 5.49448 1.99002
8.21692 6.36269 1.61441
-8.32663 8.13055 1.50994
-5.48402 8.71369 2.71552
-6.6825 9.21242 1.8786
-6.39996 8.42454 2.49856
-7.34538 8.23385 2.29559
-7.58253 8.87187 1.41418
-5.69402 8.89236 1.67122
-5.69619 7.86691 1.73331
-5.30812 9.61597 2.30834
-6.04682 9.91379 1.57353
-4.50418 9.07308 2.79153
-4.76537 7.94983 2.97029
-2.87777 8.65937 3.01291
-3.81799 8.30821 2.94493
-3.55214 9.43613 2.81933
-3.11901 10.3005 2.48536
-3.54652 9.88708 1.53046
-4.27802 10.0118 2.31185
-2.83701 9.18077 2.01181
-2.9623 8.15629 1.98707
-4.73678 8.46474 1.92225
-3.93285 7.85678 1.97288
-3.83878 8.97323 1.87216
-4.67872 9.43806 1.41686
-5.10231 10.4225 1.57954
-0.406425 8.67664 1.35289
-0.674782 7.81032 1.89674
-1.44384 8.24075 1.4209
-0.893806 8.06397 2.92266
-0.729969 9.68347 1.94615
-0.495318 8.99466 3.04754
-2.00198 8.51162 2.22573
-1.57592 8.83952 3.06866
-1.01038 8.77672 2.13021
-1.98787 10.4627 2.5758
-2.35635 9.52528 2.93369
-0.152181 9.96842 2.86203
-1.19534 9.88191 2.90098
-2.47686 10.0708 1.64444
-1.43354 10.3763 1.68069
-1.71403 9.47096 2.04412
-2.32898 7.85381 2.94077
0.0223563 8.57898 2.28313
0.682686 8.21305 2.95299
0.615336 8.73264 1.38079
2.11549 9.0108 2.1607
1.81228 9.79658 2.89255
2.59135 10.3944 2.51421
0.842641 10.084 2.83409
0.485125 9.1641 3.03334
1.246 8.3639 2.05628
2.50007 8.47752 3.03307
2.23324 8.01712 2.01196
1.67571 7.84892 2.88163
1.52356 8.86948 3.05725
1.15735 9.32815 2.18576
1.952 9.97609 1.77246
0.218671 9.4996 1.87059
0.938696 10.2352 1.73417
4.29414 10.4185 2.02588
3.0698 8.6189 2.06299
3.43734 8.0884 2.99669
3.96882 8.99101 1.80506
2.87818 9.57802 1.83888
3.5353 9.99444 2.5521
2.74202 9.41991 2.92422
3.66324 9.02392 2.92086
4.48682 9.60477 2.51769
4.10772 8.05214 2.01937
5.12467 8.32742 2.05833
4.60425 8.62437 2.91582
4.67458 9.60948 1.3807
6.19331 8.28114 1.5393
6.96571 8.51513 2.24257
6.04398 8.4408 2.72847
7.77612 7.89769 2.25725
5.36245 9.23098 2.53216
5.52268 9.98676 1.82648
6.28762 9.27091 2.0641
5.50505 9.00694 1.36871
7.10073 9.22142 1.46328
7.89023 8.58016 1.48159
-3.21153 10.9778 1.71892
-4.18067 10.772 1.63213
-0.690834 10.7423 2.46719
-0.10933 10.4018 1.5832
-2.2307 11.1663 1.88706
-0.165683 11.4759 1.76379
-1.20632 11.3405 1.84655
2.35299 11.1752 1.86671
1.56366 10.7232 2.43912
0.38971 10.8737 2.39924
1.07624 11.4244 1.81535
3.32957 10.8118 1.90858
