(0.38151,-0.462493,-0.431043) (1,-1,-1) (0.349857,-0.497097,-0.398083) (1,-0.437095,-1) (1,-0.47134,-0.562102) (-0.175987,-1,-1) (0.578509,-1,-0.0723854) (1,-1,-0.166215) (0.195812,-0.412266,-1) (-0.152371,-0.672473,-1)
(0.38151,-0.462493,-0.431043) (1,-0.437095,-1) (0.767858,1,-1) (1,1,-1) (0.530556,1,-0.0434758) (1,-0.47134,-0.562102) (0.520958,1,-0.0727611) (1,1,-0.06841) (0.198259,-0.249884,-1) (0.195812,-0.412266,-1) (0.532044,0.848067,-0.0319497) (0.71255,1,-0.00887855) (0.524856,0.761844,-0.0499176) (0.547892,0.840303,-0.0283623)
(-1,0.365343,-1) (0.520958,1,-0.0727611) (-1,1,-1) (0.767858,1,-1) (-1,1,-0.73496) (0.198259,-0.249884,-1) (-1,0.773931,-0.732363) (-0.605916,1,-0.451745)
(-1,-0.535603,-1) (0.524856,0.761844,-0.0499176) (0.520958,1,-0.0727611) (-1,0.773931,-0.732363) (0.530556,1,-0.0434758) (0.38151,-0.462493,-0.431043) (-0.605916,1,-0.451745) (0.0301365,1,0.116975) (0.198259,-0.249884,-1) (-1,0.365343,-1) (-0.152371,-0.672473,-1) (0.195812,-0.412266,-1) (0.271091,-0.413511,-0.231763) (0.349857,-0.497097,-0.398083) (-1,-0.279157,-0.398144) (-0.400766,-0.163287,0.100881) (-0.02855,0.70092,0.15942) (0.532044,0.848067,-0.0319497)
(-1,-1,-1) (-0.152371,-0.672473,-1) (-1,-0.535603,-1) (-0.175987,-1,-1) (0.518057,-1,0.254559) (-0.077465,-1,0.822371) (-0.400766,-0.163287,0.100881) (0.271091,-0.413511,-0.231763) (-1,-1,-0.223731) (-1,-0.279157,-0.398144) (0.578509,-1,-0.0723854) (0.349857,-0.497097,-0.398083) (-1,-0.296157,-0.358404) (-0.447266,-0.25731,0.260931)
(1,-1,-0.166215) (0.524856,0.761844,-0.0499176) (0.547892,0.840303,-0.0283623) (1,1,-0.06841) (1,-0.485106,0.906931) (1,-1,0.998983) (1,1,0.164506) (0.71255,1,-0.00887855) (0.271091,-0.413511,-0.231763) (1,-0.47134,-0.562102) (0.578509,-1,-0.0723854) (0.518057,-1,0.254559) (0.38151,-0.462493,-0.431043) (0.349857,-0.497097,-0.398083)
(-1,-0.106767,1) (-0.077465,-1,0.822371) (-1,-0.296157,-0.358404) (-1,-1,-0.223731) (-1,-1,1) (-0.0626837,-1,1) (-0.447266,-0.25731,0.260931) (-0.432836,-0.172719,0.876562) (-0.478327,-0.151599,1) (-0.344065,-0.35317,1)
(0.524856,0.761844,-0.0499176) (-0.447266,-0.25731,0.260931) (-0.0626837,-1,1) (1,-0.485106,0.906931) (-0.077465,-1,0.822371) (1,-1,1) (1,-0.60845,1) (-0.344065,-0.35317,1) (1,-1,0.998983) (0.518057,-1,0.254559) (-0.432836,-0.172719,0.876562) (0.271091,-0.413511,-0.231763) (0.532044,0.848067,-0.0319497) (0.547892,0.840303,-0.0283623) (-0.02855,0.70092,0.15942) (-0.400766,-0.163287,0.100881)
(-0.400766,-0.163287,0.100881) (-0.316516,1,1) (-0.605916,1,-0.451745) (-0.478327,-0.151599,1) (-1,-0.106767,1) (-0.447266,-0.25731,0.260931) (-1,1,1) (-0.432836,-0.172719,0.876562) (-1,-0.296157,-0.358404) (-1,-0.279157,-0.398144) (-0.02855,0.70092,0.15942) (0.0301365,1,0.116975) (-1,0.773931,-0.732363) (-1,1,-0.73496)
(-0.478327,-0.151599,1) (1,1,1) (0.547892,0.840303,-0.0283623) (-0.316516,1,1) (1,-0.60845,1) (1,1,0.164506) (1,-0.485106,0.906931) (0.532044,0.848067,-0.0319497) (-0.02855,0.70092,0.15942) (0.0301365,1,0.116975) (0.530556,1,-0.0434758) (0.71255,1,-0.00887855) (-0.432836,-0.172719,0.876562) (-0.344065,-0.35317,1)
